


run_build('cogent')
[83,46,0.6,157.75],\
[138,64,0.2,5.0],\
[169,29,0.4,310.5],\
[149,161,0.4,310.5],\
[163,167,0.2,5.0],\
[46,47,0.4,616.0],\
[185,107,1,463.25],\
[163,188,0.4,157.75],\
[184,45,1,463.25],\
[195,6,0.2,5.0],\
[20,171,0.4,310.5],\
[3,118,0.2,463.25],\
[188,167,0.4,616.0],\
[138,16,1,616.0],\
[97,175,1,310.5],\
[75,175,0.4,5.0],\
[120,2,0.6,5.0],\
[35,90,0.6,5.0],\
[14,29,1,463.25],\
[114,93,0.2,157.75],\
[76,136,0.2,616.0],\
[21,123,0.6,5.0],\
[88,17,0.4,5.0],\
[82,33,0.6,157.75],\
[69,29,0.4,463.25],\
[38,11,0.2,157.75],\
[26,104,0.2,157.75],\
[180,26,0.2,5.0],\
[30,149,0.6,616.0],\
[4,67,0.2,310.5],\
[148,55,0.4,463.25],\
[74,28,1,5.0],\
[162,12,0.2,616.0],\
[173,95,0.2,157.75],\
[113,88,1,5.0],\
[94,1,0.4,310.5],\
[191,42,0.4,157.75],\
[73,32,0.2,5.0],\
[7,46,0.2,157.75],\
[83,131,0.2,5.0],\
[52,24,1,310.5],\
[182,10,0.6,310.5],\
[73,61,0.2,157.75],\
[158,63,0.2,616.0],\
[117,6,0.6,157.75],\
[41,48,1,616.0],\
[33,44,0.2,310.5],\
[6,48,0.6,310.5],\
[110,100,0.6,157.75],\
[32,8,0.4,616.0],\
[171,16,0.6,310.5],\
[37,82,0.4,5.0],\
[73,11,0.6,616.0],\
[175,93,1,157.75],\
[180,192,1,157.75],\
[76,2,0.2,310.5],\
[61,44,0.2,5.0],\
[7,81,0.4,310.5],\
[159,171,0.4,157.75],\
[148,138,0.4,157.75],\
[84,90,0.4,463.25],\
[160,108,1,463.25],\
[60,58,0.4,463.25],\
[178,82,0.2,310.5],\
[28,187,0.2,463.25],\
[48,102,0.2,310.5],\
[144,84,0.4,5.0],\
[176,43,0.2,310.5],\
[195,160,0.4,616.0],\
[125,147,0.6,616.0],\
[119,181,0.4,5.0],\
[111,110,0.2,463.25],\
[33,177,1,157.75],\
[84,34,1,157.75],\
[137,10,0.4,463.25],\
[169,14,0.2,616.0],\
[29,57,1,310.5],\
[7,179,0.4,310.5],\
[61,136,1,310.5],\
[107,77,0.2,157.75],\
[82,134,0.4,463.25],\
[56,88,0.2,463.25],\
[35,68,0.2,157.75],\
[49,129,0.4,310.5],\
[157,87,0.2,157.75],\
[4,140,0.2,463.25],\
[110,138,0.2,616.0],\
[156,91,0.4,463.25],\
[70,131,0.2,616.0],\
[15,8,0.4,463.25],\
[131,136,0.6,310.5],\
[27,20,0.2,157.75],\
[111,33,0.4,310.5],\
[100,104,0.2,157.75],\
[193,28,1,5.0],\
[80,22,0.4,5.0],\
[31,124,0.2,5.0],\
[114,94,0.6,463.25],\
[150,121,0.4,310.5],\
[165,59,0.4,310.5],\
[110,97,1,463.25],\
[145,32,1,157.75],\
[10,167,1,616.0],\
[3,143,0.6,5.0],\
[131,81,0.2,616.0],\
[175,89,0.4,616.0],\
[34,108,1,310.5],\
[170,48,0.2,310.5],\
[55,106,1,310.5],\
[51,164,0.4,463.25],\
[145,70,0.4,310.5],\
[185,110,0.4,157.75],\
[51,61,0.4,157.75],\
[94,194,1,616.0],\
[153,151,0.2,616.0],\
[35,1,0.2,463.25],\
[187,10,0.2,463.25],\
[124,74,0.2,616.0],\
[163,69,0.2,310.5],\
[52,163,0.2,5.0],\
[154,73,0.4,616.0],\
[50,19,0.4,157.75],\
[46,68,1,616.0],\
[13,184,0.4,157.75],\
[59,176,0.4,5.0],\
[31,183,0.6,463.25],\
[48,188,0.6,616.0],\
[79,183,0.6,310.5],\
[143,85,0.6,463.25],\
[37,45,0.4,5.0],\
[103,101,1,310.5],\
[173,150,0.6,157.75],\
[128,9,1,157.75],\
[43,168,0.2,616.0],\
[37,58,1,5.0],\
[93,179,1,463.25],\
[175,121,1,5.0],\
[30,192,0.4,463.25],\
[81,126,0.2,616.0],\
[151,73,0.2,310.5],\
[48,4,0.2,463.25],\
[138,155,0.2,463.25],\
[166,160,0.4,463.25],\
[78,59,0.4,157.75],\
[13,27,0.4,463.25],\
[32,73,1,5.0],\
[143,105,0.4,616.0],\
[59,149,0.4,157.75],\
[23,45,0.6,463.25],\
[25,16,0.2,310.5],\
[156,116,0.4,310.5],\
[123,99,0.2,157.75],\
[172,60,1,5.0],\
[178,149,1,310.5],\
[36,180,0.2,463.25],\
[157,120,0.2,310.5],\
[120,73,0.2,157.75],\
[189,86,1,310.5],\
[140,108,0.4,5.0],\
[34,8,1,157.75],\
[65,17,1,310.5],\
[195,69,0.2,5.0],\
[34,127,0.2,310.5],\
[183,161,0.2,463.25],\
[88,103,0.6,463.25],\
[151,146,0.4,157.75],\
[0,174,0.2,310.5],\
[143,77,1,157.75],\
[18,187,0.2,310.5],\
[116,16,0.2,616.0],\
[180,133,0.2,310.5],\
[143,13,1,5.0],\
[175,17,0.2,616.0],\
[84,185,0.6,157.75],\
[134,179,0.2,463.25],\
[191,127,0.6,310.5],\
[61,54,0.6,5.0],\
[7,120,0.2,310.5],\
[75,175,0.2,616.0],\
[124,196,0.6,463.25],\
[38,140,1,616.0],\
[117,91,0.6,5.0],\
[87,157,1,616.0],\
[55,137,0.2,5.0],\
[132,159,0.4,463.25],\
[34,55,0.4,310.5],\
[83,86,0.2,310.5],\
[33,1,0.2,616.0],\
[66,153,0.2,310.5],\
[100,94,0.4,157.75],\
[15,74,1,463.25],\
[147,11,0.2,463.25],\
[152,144,0.2,310.5],\
[158,177,0.4,310.5],\
lp_ratio: 0.443298969072





run_build('cogent')



run_build('cogent')
[2,24,0.2,310.5],\
[162,30,0.4,157.75],\
[143,99,0.6,616.0],\
[141,140,0.2,616.0],\
[79,46,0.2,5.0],\
[87,86,0.2,463.25],\
[163,107,0.6,5.0],\
[43,171,0.2,463.25],\
[30,73,0.2,5.0],\
[181,82,1,5.0],\
[161,196,0.2,616.0],\
[30,174,0.4,157.75],\
[60,133,0.6,5.0],\
[44,20,0.2,5.0],\
[3,14,0.4,616.0],\
[174,27,0.6,310.5],\
[164,145,0.2,5.0],\
[100,177,0.2,463.25],\
[193,156,1,616.0],\
[14,98,0.4,5.0],\
[32,114,1,157.75],\
[56,99,0.4,5.0],\
[18,68,0.6,157.75],\
[95,133,0.2,616.0],\
[47,117,0.2,310.5],\
[133,50,0.6,5.0],\
[75,67,0.4,616.0],\
[132,175,0.6,310.5],\
[25,159,0.2,157.75],\
[9,72,0.6,463.25],\
[42,43,1,463.25],\
[66,156,0.4,310.5],\
[43,170,1,310.5],\
[87,85,0.6,616.0],\
[48,56,0.4,616.0],\
[45,173,0.6,5.0],\
[192,127,1,310.5],\
[66,144,0.4,310.5],\
[92,10,0.2,157.75],\
[157,120,0.6,616.0],\
[187,63,0.6,310.5],\
[72,114,0.6,616.0],\
[49,0,0.2,616.0],\
[121,37,0.2,463.25],\
[24,35,1,157.75],\
[151,159,0.4,616.0],\
[95,52,0.2,157.75],\
[175,85,0.2,616.0],\
[15,48,0.6,463.25],\
[152,47,1,157.75],\
[168,126,1,463.25],\
[182,63,0.6,310.5],\
[172,28,0.2,5.0],\
[80,60,0.2,157.75],\
[196,84,0.2,157.75],\
[45,153,0.2,616.0],\
[9,29,1,310.5],\
[167,30,0.2,463.25],\
[27,103,0.6,463.25],\
[128,30,0.6,310.5],\
[44,181,0.4,463.25],\
[153,6,0.6,463.25],\
[54,20,1,310.5],\
[159,163,1,463.25],\
[84,35,0.6,157.75],\
[78,38,0.4,310.5],\
[64,182,1,157.75],\
[91,190,1,463.25],\
[145,164,0.6,463.25],\
[149,173,0.6,5.0],\
[29,68,0.6,616.0],\
[61,78,0.2,310.5],\
[131,159,0.4,616.0],\
[43,82,0.2,463.25],\
[19,13,1,310.5],\
[135,133,0.6,310.5],\
[61,100,0.2,310.5],\
[178,12,1,616.0],\
[81,188,0.6,463.25],\
[67,87,0.2,616.0],\
[54,78,1,5.0],\
[196,91,0.4,5.0],\
[48,108,0.4,616.0],\
[93,2,0.4,616.0],\
[179,40,1,463.25],\
[160,13,0.4,616.0],\
[30,68,1,463.25],\
[54,51,0.2,310.5],\
[86,104,1,157.75],\
[86,111,1,310.5],\
[86,117,0.4,5.0],\
[35,140,0.2,157.75],\
[0,52,0.4,616.0],\
[181,18,0.4,310.5],\
[159,149,0.2,463.25],\
[37,70,0.4,310.5],\
[116,62,0.2,5.0],\
[107,97,0.4,157.75],\
[181,184,0.6,5.0],\
[31,96,0.2,616.0],\
[86,190,0.2,463.25],\
[52,12,1,616.0],\
[126,10,1,310.5],\
[160,152,0.6,616.0],\
[48,31,0.2,616.0],\
[138,193,1,310.5],\
[50,68,0.4,463.25],\
[113,132,0.2,310.5],\
[109,130,0.2,616.0],\
[73,87,1,310.5],\
[102,170,0.2,310.5],\
[81,89,0.4,157.75],\
[77,102,1,310.5],\
[154,22,0.6,463.25],\
[95,152,0.2,5.0],\
[190,110,1,157.75],\
[55,195,0.6,157.75],\
[109,19,0.2,616.0],\
[180,28,0.2,157.75],\
[122,164,0.6,310.5],\
[171,6,0.2,5.0],\
[184,70,0.2,157.75],\
[189,152,0.2,616.0],\
[45,38,0.4,5.0],\
[148,68,1,463.25],\
[84,189,0.6,310.5],\
[95,181,0.2,310.5],\
[76,168,1,5.0],\
[162,155,0.2,616.0],\
[90,183,0.6,5.0],\
[64,94,0.2,5.0],\
[196,80,0.2,5.0],\
[22,146,0.2,5.0],\
[155,166,0.4,310.5],\
[91,131,0.2,157.75],\
[142,14,0.2,463.25],\
[113,126,0.4,157.75],\
[147,48,1,5.0],\
[20,56,0.2,463.25],\
[63,84,0.2,310.5],\
[142,89,1,463.25],\
[98,12,1,310.5],\
[91,4,1,310.5],\
[137,140,0.4,157.75],\
[29,23,0.2,310.5],\
[22,112,0.2,5.0],\
[9,129,0.2,5.0],\
[78,144,0.4,5.0],\
[84,161,0.2,310.5],\
[2,49,0.2,463.25],\
[71,59,0.2,616.0],\
[21,107,0.2,463.25],\
[31,51,0.6,616.0],\
[71,82,0.4,157.75],\
[145,176,0.4,463.25],\
[161,91,0.2,463.25],\
[84,159,0.4,616.0],\
[50,123,0.2,157.75],\
[128,80,0.2,616.0],\
[72,31,0.2,463.25],\
[68,59,0.2,463.25],\
[128,139,1,157.75],\
[14,36,0.2,616.0],\
[177,3,0.2,463.25],\
[115,181,0.6,157.75],\
[28,157,0.4,616.0],\
[166,102,0.2,5.0],\
[40,59,0.2,463.25],\
[46,151,1,616.0],\
[166,189,1,463.25],\
[93,123,0.4,157.75],\
[159,136,1,463.25],\
[170,120,0.4,310.5],\
[43,80,0.2,616.0],\
[68,135,1,5.0],\
[52,94,0.6,616.0],\
[32,41,0.2,616.0],\
[125,117,0.6,616.0],\
[62,16,1,5.0],\
[16,44,1,463.25],\
[173,88,1,157.75],\
[38,52,0.4,5.0],\
[158,125,0.2,310.5],\
[37,94,1,5.0],\
[102,17,0.6,157.75],\
[71,173,0.2,5.0],\
[170,100,0.6,5.0],\
[83,115,0.6,310.5],\
[169,12,1,157.75],\
[189,118,0.2,463.25],\
[155,115,0.6,310.5],\
[15,76,0.6,616.0],\
[55,43,0.2,5.0],\
[42,0,0.2,310.5],\
lp_ratio: 0.505154639175





run_build('cogent')
[37,4,0.6,616.0],\
[22,101,0.2,157.75],\
[140,38,0.2,157.75],\
[145,11,0.2,310.5],\
[117,195,0.2,5.0],\
[124,158,0.4,616.0],\
[114,158,1,463.25],\
[6,97,0.2,157.75],\
[52,116,0.2,463.25],\
[38,76,0.2,5.0],\
[22,86,0.6,463.25],\
[186,84,1,5.0],\
[65,98,0.2,616.0],\
[119,163,0.4,157.75],\
[48,3,0.4,616.0],\
[143,92,0.2,5.0],\
[37,172,0.2,463.25],\
[41,110,0.2,5.0],\
[190,122,0.6,616.0],\
[87,10,0.2,463.25],\
[84,162,0.2,463.25],\
[134,148,0.4,310.5],\
[76,121,0.4,310.5],\
[161,73,0.4,463.25],\
[132,135,0.2,157.75],\
[113,182,0.2,5.0],\
[110,99,0.6,157.75],\
[120,105,0.4,5.0],\
[109,106,0.4,310.5],\
[6,1,0.4,616.0],\
[110,74,0.2,310.5],\
[29,25,0.2,463.25],\
[33,167,0.2,157.75],\
[184,106,0.2,616.0],\
[32,80,0.6,5.0],\
[90,171,0.2,463.25],\
[35,194,1,463.25],\
[114,55,0.6,463.25],\
[82,79,0.4,616.0],\
[191,46,0.4,5.0],\
[183,105,0.6,463.25],\
[141,65,0.2,463.25],\
[188,82,0.6,463.25],\
[183,157,1,157.75],\
[156,139,0.4,463.25],\
[24,122,0.2,616.0],\
[93,96,0.6,616.0],\
[53,107,0.2,616.0],\
[176,59,0.6,463.25],\
[60,107,0.2,310.5],\
[52,0,0.6,5.0],\
[54,158,1,463.25],\
[180,95,0.6,157.75],\
[21,62,1,616.0],\
[183,46,0.2,616.0],\
[153,181,1,310.5],\
[168,76,0.4,157.75],\
[162,83,0.6,616.0],\
[124,158,1,5.0],\
[147,154,0.4,157.75],\
[108,121,0.2,157.75],\
[109,149,0.4,463.25],\
[146,68,0.2,616.0],\
[150,186,0.2,5.0],\
[44,174,0.4,463.25],\
[36,39,0.2,157.75],\
[160,97,1,157.75],\
[118,72,1,616.0],\
[116,74,0.2,157.75],\
[92,100,0.2,5.0],\
[10,108,0.6,616.0],\
[36,73,1,463.25],\
[52,144,0.4,463.25],\
[11,127,1,5.0],\
[192,191,0.2,616.0],\
[163,50,0.2,616.0],\
[73,47,0.6,157.75],\
[15,116,0.4,463.25],\
[171,55,0.2,310.5],\
[73,158,0.6,5.0],\
[120,192,0.6,310.5],\
[57,75,0.4,463.25],\
[95,39,0.2,157.75],\
[30,108,0.2,463.25],\
[147,84,1,616.0],\
[88,126,0.2,157.75],\
[51,76,0.2,157.75],\
[166,59,0.2,5.0],\
[194,109,0.4,616.0],\
[62,86,0.6,616.0],\
[170,135,0.2,310.5],\
[30,162,1,157.75],\
[171,121,0.6,5.0],\
[95,74,0.4,5.0],\
[85,54,0.2,5.0],\
[147,20,1,5.0],\
[85,13,0.6,463.25],\
[90,87,0.6,616.0],\
[89,118,0.2,616.0],\
[69,148,0.6,157.75],\
[176,10,1,157.75],\
[183,109,0.4,463.25],\
[17,139,0.2,463.25],\
[94,102,0.2,310.5],\
[180,76,0.6,616.0],\
[77,170,0.4,463.25],\
[179,178,1,310.5],\
[58,4,1,5.0],\
[130,45,0.2,310.5],\
[87,138,0.2,157.75],\
[113,59,1,463.25],\
[41,35,0.4,616.0],\
[0,36,0.6,5.0],\
[52,0,1,310.5],\
[105,79,0.6,616.0],\
[120,165,0.2,463.25],\
[121,58,0.2,157.75],\
[29,48,0.2,310.5],\
[81,113,1,5.0],\
[167,110,0.2,310.5],\
[135,94,0.4,463.25],\
[27,93,1,157.75],\
[43,155,0.2,310.5],\
[12,52,1,616.0],\
[91,64,0.2,616.0],\
[90,36,1,5.0],\
[9,41,1,5.0],\
[60,121,0.2,310.5],\
[117,108,0.2,616.0],\
[164,70,1,463.25],\
[117,128,0.6,310.5],\
[191,169,0.6,5.0],\
[95,151,0.2,5.0],\
[53,128,0.4,157.75],\
[73,112,0.2,463.25],\
[196,5,0.2,157.75],\
[68,58,0.6,157.75],\
[153,67,0.6,310.5],\
[186,187,0.2,310.5],\
[78,132,1,5.0],\
[49,38,1,5.0],\
[32,163,0.2,463.25],\
[165,74,0.2,463.25],\
[164,138,0.4,616.0],\
[42,16,0.4,310.5],\
[161,159,0.2,310.5],\
[127,21,0.2,310.5],\
[83,26,0.4,310.5],\
[40,55,0.4,616.0],\
[94,93,0.2,310.5],\
[33,116,0.2,157.75],\
[92,60,1,616.0],\
[93,195,1,616.0],\
[52,80,0.6,463.25],\
[183,157,0.2,463.25],\
[139,45,1,310.5],\
[180,166,0.2,310.5],\
[191,128,0.6,463.25],\
[66,158,0.2,157.75],\
[87,5,1,310.5],\
[92,112,0.6,616.0],\
[19,123,0.6,310.5],\
[80,94,1,310.5],\
[168,149,0.4,5.0],\
[192,19,0.2,310.5],\
[35,77,0.4,310.5],\
[90,110,0.4,463.25],\
[108,63,1,5.0],\
[133,53,0.2,616.0],\
[175,91,0.2,5.0],\
[142,101,0.4,616.0],\
[17,89,0.4,310.5],\
[128,29,0.2,310.5],\
[13,116,1,616.0],\
[67,147,0.4,463.25],\
[107,47,0.6,310.5],\
[136,133,0.2,310.5],\
[171,182,0.6,310.5],\
[163,178,0.2,310.5],\
[97,21,0.2,463.25],\
[88,63,0.4,157.75],\
[131,181,0.2,463.25],\
[35,77,0.2,463.25],\
[185,144,1,157.75],\
[166,1,0.2,463.25],\
[29,113,0.4,463.25],\
[132,133,1,5.0],\
[184,52,1,157.75],\
[11,102,0.4,5.0],\
[178,119,0.4,157.75],\
[146,178,0.6,310.5],\
[57,93,0.4,616.0],\
[149,151,0.6,616.0],\
[160,8,0.2,310.5],\
lp_ratio: 0.463917525773


