


run_build('srg', 14, m) for ratio: 0.5
[4,13,1.6014574566,5305.13221309],\
[1,20,4.54746649233,418.990151268],\
[1,3,0.374760626429,2626.62698309],\
[6,10,0.812176092134,1628.25546947],\
[2,6,3.57278056002,4632.33517861],\
[6,8,2.10304276938,4152.00026787],\
[8,3,0.738215924698,657.547660737],\
[4,8,0.36172777174,4360.23015072],\
[2,17,1.28567947461,3864.20632037],\
[12,17,1.9070378254,4337.10374525],\
[20,14,4.36647283591,3239.99518359],\
[2,16,7.89971305444,2184.38782504],\
[4,16,13.102930887,1165.19008775],\
[2,11,1.34971699444,1141.36510581],\



run_build('srg', 14, m) for ratio: 0.7
