[[50, 20, 0.2, 2, 0, 1, 8, 1, 40, 0.9], 0.5, 0.05462503433227539, 0.5, 0.5128989219665527],
[[50, 20, 0.2, 2, 0, 1, 8, 1, 40, 0.9], 0.5, 0.7467927932739258, 0.5, 0.7057487964630127],
[[50, 20, 0.2, 2, 0, 1, 8, 1, 40, 0.9], 0.7, 0.06565618515014648, 0.7, 3.010401964187622],
[[50, 20, 0.2, 2, 0, 1, 8, 1, 40, 0.9], 0.7, 0.12681198120117188, 0.7, 2.4156198501586914],
[[50, 20, 0.2, 2, 0, 1, 8, 1, 40, 0.9], 0.6, 0.052900075912475586, 0.6, 2.4523911476135254],
[[50, 20, 0.2, 2, 0, 1, 8, 1, 40, 0.9], 0.5, 0.06264996528625488, 0.5, 1.282287836074829],
[[50, 20, 0.2, 2, 0, 1, 8, 1, 40, 0.9], 0.6, 0.05611300468444824, 0.6, 2.4107160568237305],
[[50, 20, 0.2, 2, 0, 1, 8, 1, 40, 0.9], 0.5, 0.05854511260986328, 0.5, 1.7885229587554932],
[[50, 20, 0.2, 2, 0, 1, 8, 1, 40, 0.9], 0.6, 0.0524289608001709, 0.6, 2.1326589584350586],
[[50, 20, 0.2, 2, 0, 1, 8, 1, 40, 0.9], 0.6, 0.05150794982910156, 0.6, 0.27956676483154297],
[[50, 20, 0.2, 2, 0, 1, 8, 1, 40, 0.9], 0.7, 0.04874300956726074, 0.7, 0.8780670166015625],
[[50, 20, 0.2, 2, 0, 1, 8, 1, 40, 0.9], 0.5, 0.05302309989929199, 0.5, 0.2747480869293213],
[[50, 20, 0.2, 2, 0, 1, 8, 1, 40, 0.9], 0.5, 0.0501861572265625, 0.5, 0.3204519748687744],
[[50, 20, 0.2, 2, 0, 1, 8, 1, 40, 0.9], 0.7, 0.04993104934692383, 0.7, 0.2766590118408203],
[[50, 20, 0.2, 2, 0, 1, 8, 1, 40, 0.9], 0.6, 0.06136608123779297, 0.6, 2.690798044204712],
[[50, 20, 0.2, 2, 0, 1, 8, 1, 40, 0.9], 0.7, 0.04979586601257324, 0.7, 0.6856338977813721],
[[50, 20, 0.2, 2, 0, 1, 8, 1, 40, 0.9], 0.6, 0.0639028549194336, 0.6, 4.966300964355469],
