[0.056491303443908694, 0.0066065545703290519, 4.255790722370148, 7.9736756399221811, [20, 0, 0, 0, 0, 3, 20, 0.9, 1]],
[0.059048181772232054, 0.010522366010004421, 2.2329800188541413, 5.9901994953035178, [20, 0, 0, 0, 0, 3, 30, 0.9, 1]],
[0.05876846710840861, 0.010276993268739525, 1.8890544573465984, 5.5177348509562911, [20, 0, 0, 0, 0, 3, 40, 0.9, 1]],
[0.05927846729755402, 0.01082942143049619, 1.564497447013855, 4.8705782483903972, [20, 0, 0, 0, 0, 3, 50, 0.9, 1]],
[0.05998242378234863, 0.010513521381757825, 4.894713137149811, 8.3931230448671954, [20, 0, 0, 0, 0, 5, 20, 0.9, 1]],
[0.06102500955263774, 0.013820641007677163, 5.303407661120096, 8.6245003440914658, [20, 0, 0, 0, 0, 5, 30, 0.9, 1]],
[0.0623532738004412, 0.016914310895626554, 4.722531308446611, 8.2752166412418351, [20, 0, 0, 0, 0, 5, 40, 0.9, 1]],
[0.06191735714673996, 0.016224596381502209, 4.26171288639307, 7.8797353768387213, [20, 0, 0, 0, 0, 5, 50, 0.9, 1]],
[0.06381288369496664, 0.020362376638391456, 6.036426230271657, 8.9659698098041805, [20, 0, 0, 0, 0, 10, 20, 0.9, 1]],
[0.06478158831596374, 0.021862258123451481, 7.453637583255768, 9.5092786435371135, [20, 0, 0, 0, 0, 10, 30, 0.9, 1]],
[0.06656412211331454, 0.024935088134788223, 8.02337806333195, 9.6123509148932254, [20, 0, 0, 0, 0, 10, 40, 0.9, 1]],
[0.06717699070771535, 0.025241270683622426, 8.478033444285392, 9.6334255769396684, [20, 0, 0, 0, 0, 10, 50, 0.9, 1]],
[0.06915978835179255, 0.027675848544975505, 9.386369958290686, 9.7757690251798586, [20, 0, 0, 0, 0, 12, 20, 0.9, 1]],
[0.06942042708396912, 0.027160793642273164, 10.159724715777806, 9.8241906455934007, [20, 0, 0, 0, 0, 12, 30, 0.9, 1]],
[0.06982381820678711, 0.027812344030777349, 10.477708661556244, 9.7932690926810118, [20, 0, 0, 0, 0, 12, 40, 0.9, 1]],
[0.0693664439022541, 0.027346004759738932, 10.139463714510203, 9.6910331604906581, [20, 0, 0, 0, 0, 12, 50, 0.9, 1]],
[0.0687210812288172, 0.026755210110175634, 9.574296236739439, 9.66967286830719, [50, 0, 0, 0, 0, 3, 20, 0.9, 1]],
[0.068006874455346, 0.026203296280229466, 9.229146647453309, 9.6520770151546955, [50, 0, 0, 0, 0, 3, 30, 0.9, 1]],
[0.06744349191063329, 0.025656570857891397, 8.761889367354543, 9.6015460354288464, [50, 0, 0, 0, 0, 3, 40, 0.9, 1]],
[0.06687871932983398, 0.025224803128173632, 8.340736824274064, 9.5368049086695397, [50, 0, 0, 0, 0, 3, 50, 0.9, 1]],
[0.06677043665023077, 0.025147393697041848, 7.968023147469475, 9.4551846665849357, [50, 0, 0, 0, 0, 5, 20, 0.9, 1]],
[0.06650408777323637, 0.024710831695591542, 7.725376726280559, 9.3892336032998376, [50, 0, 0, 0, 0, 5, 30, 0.9, 1]],
[0.06711991662564484, 0.025277955021079757, 8.147102120129958, 9.5103180521453083, [50, 0, 0, 0, 0, 5, 40, 0.9, 1]],
[0.06656728635231654, 0.024900055532264757, 7.825352990627289, 9.4371264530592942, [50, 0, 0, 0, 0, 5, 50, 0.9, 1]],
[0.06699753141403199, 0.025232745535139323, 8.33078412437439, 9.5723074396917198, [50, 0, 0, 0, 0, 10, 20, 0.9, 1]],
[0.06663841605186463, 0.024874646063163166, 8.028622545645787, 9.5072318749366662, [50, 0, 0, 0, 0, 10, 30, 0.9, 1]],
[0.06638452256167376, 0.024507460359357729, 8.089344235261281, 9.517967551413598, [50, 0, 0, 0, 0, 10, 40, 0.9, 1]],
[0.06611051729747228, 0.024173986907335715, 7.8367204087121145, 9.4387206635781897, [50, 0, 0, 0, 0, 10, 50, 0.9, 1]],
[0.06618906835029865, 0.024133608911268756, 8.272717365725287, 9.5572143350302294, [50, 0, 0, 0, 0, 12, 20, 0.9, 1]],
[0.06620480974515279, 0.024332679765684796, 8.644865763584773, 9.6376497479572869, [50, 0, 0, 0, 0, 12, 30, 0.9, 1]],
[0.06618017958056542, 0.024011541290876414, 8.85296270693502, 9.649070247161589, [50, 0, 0, 0, 0, 12, 40, 0.9, 1]],
[0.06634738333523274, 0.024215883161320916, 8.872926134616137, 9.6109655076432201, [50, 0, 0, 0, 0, 12, 50, 0.9, 1]],
[0.06603299234852647, 0.023934060399176414, 8.655096767526684, 9.5736896146165726, [80, 0, 0, 0, 0, 3, 20, 0.9, 1]],
[0.06611327949692221, 0.023789173824030507, 8.946787473033456, 9.6352298125164797, [80, 0, 0, 0, 0, 3, 30, 0.9, 1]],
[0.06628083705902099, 0.023957427244693338, 9.135885504313878, 9.6720672250481741, [80, 0, 0, 0, 0, 3, 40, 0.9, 1]],
[0.0664544317457411, 0.024335748004899148, 9.233211476935281, 9.6868824830195983, [80, 0, 0, 0, 0, 3, 50, 0.9, 1]],
[0.06647565074869104, 0.024422882014841975, 9.285081762558706, 9.6883790718765788, [80, 0, 0, 0, 0, 5, 20, 0.9, 1]],
[0.0663015676172156, 0.024160817695580851, 9.092292945635947, 9.6565655176396845, [80, 0, 0, 0, 0, 5, 30, 0.9, 1]],
[0.06613985850260808, 0.023919429452251575, 8.900519432777013, 9.6297399588064607, [80, 0, 0, 0, 0, 5, 40, 0.9, 1]],
[0.06587343901395798, 0.023699485502422863, 8.698962429463863, 9.5916593766101688, [80, 0, 0, 0, 0, 5, 50, 0.9, 1]],
[0.06560756927583276, 0.023477837408373479, 8.504887592501756, 9.5531525061185985, [80, 0, 0, 0, 0, 10, 20, 0.9, 1]],
[0.06564092153594607, 0.023380939842062187, 8.463079363391513, 9.5260689176863576, [80, 0, 0, 0, 0, 10, 30, 0.9, 1]],
[0.06575693058413129, 0.023281735182416538, 8.651910130090492, 9.5504698971499735, [80, 0, 0, 0, 0, 10, 40, 0.9, 1]],
[0.0655185650695454, 0.023094928262899796, 8.494253227927468, 9.4996984489924667, [80, 0, 0, 0, 0, 10, 50, 0.9, 1]],
[0.06565657456715902, 0.023100108817791197, 8.74650454150306, 9.5568151933506424, [80, 0, 0, 0, 0, 12, 20, 0.9, 1]],
[0.06583548654680667, 0.023130008477731636, 8.904712919826093, 9.577690577823919, [80, 0, 0, 0, 0, 12, 30, 0.9, 1]],
[0.06589160371333995, 0.023046384060302141, 8.950999951616247, 9.5664417052307265, [80, 0, 0, 0, 0, 12, 40, 0.9, 1]],
[0.06569401870171229, 0.022867615595560154, 8.789380365113418, 9.5309363057213226, [80, 0, 0, 0, 0, 12, 50, 0.9, 1]],
[0.0654864924294608, 0.022690763867990758, 8.630206227059267, 9.4974867040822382, [100, 0, 0, 0, 0, 3, 20, 0.9, 1]],
[0.0655342035293579, 0.022549959213341703, 8.792687455654145, 9.5363438809654451, [100, 0, 0, 0, 0, 3, 30, 0.9, 1]],
[0.06537378582299924, 0.022385062409318094, 8.63233546556211, 9.5102531415870928, [100, 0, 0, 0, 0, 3, 40, 0.9, 1]],
[0.06516523223656874, 0.022225278041570803, 8.51937352510599, 9.4884144159778572, [100, 0, 0, 0, 0, 3, 50, 0.9, 1]],
[0.06510410218868616, 0.022053043035171933, 8.499307591510268, 9.4760561919171256, [100, 0, 0, 0, 0, 5, 20, 0.9, 1]],
[0.06527147933288857, 0.022215223640211237, 8.635527006122802, 9.5114823073027939, [100, 0, 0, 0, 0, 5, 30, 0.9, 1]],
[0.0650875700603832, 0.022063795530044613, 8.535014633482152, 9.4861624227919776, [100, 0, 0, 0, 0, 5, 40, 0.9, 1]],
[0.06507235978330884, 0.022090613193118842, 8.397887227790696, 9.4560327194962177, [100, 0, 0, 0, 0, 5, 50, 0.9, 1]],
[0.06505796616537529, 0.02193260886975102, 8.51683929280231, 9.4812046784444988, [100, 0, 0, 0, 0, 10, 20, 0.9, 1]],
[0.06516351021569351, 0.021817486121264624, 8.710816813542925, 9.5288527316908063, [100, 0, 0, 0, 0, 10, 30, 0.9, 1]],
[0.06522909322027433, 0.021760610200478325, 8.824038927029756, 9.5331654366587539, [100, 0, 0, 0, 0, 10, 40, 0.9, 1]],
[0.06514006753762563, 0.021646284655990902, 8.707784765362739, 9.4966482807478059, [100, 0, 0, 0, 0, 10, 50, 0.9, 1]],
[0.06525603317823567, 0.021592913480889431, 8.905455972132136, 9.5421742727809953, [100, 0, 0, 0, 0, 12, 20, 0.9, 1]],
[0.06540543244731041, 0.021615339603237943, 9.067392088713184, 9.5739987521961325, [100, 0, 0, 0, 0, 12, 30, 0.9, 1]],
[0.06544523901409573, 0.021488600495773676, 9.171278289196984, 9.568648568368781, [100, 0, 0, 0, 0, 12, 40, 0.9, 1]],
[0.06574144959449768, 0.021985324227335373, 9.279117741249502, 9.5874784377812468, [100, 0, 0, 0, 0, 12, 50, 0.9, 1]],




Sorted Records:,
