[0.06742822527885436, 3.226732623577118, [20, 0, 3, 0, 2, 3, 20, 0.9, 2]],
[0.06048727929592133, 3.4971597343683243, [20, 0, 3, 0, 2, 3, 20, 0.9, 1]],
[0.05829417904218038, 3.4021828214327496, [20, 0, 3, 0, 2, 3, 30, 0.9, 2]],
[0.056998726725578305, 3.1154920637607573, [20, 0, 3, 0, 2, 3, 30, 0.9, 1]],
[0.056450035572052, 2.7234145581722258, [20, 0, 3, 0, 2, 3, 50, 0.9, 2]],
[0.05620147883892059, 2.4642170866330466, [20, 0, 3, 0, 2, 3, 50, 0.9, 1]],
[0.055896706240517756, 2.3988138037068505, [20, 0, 3, 0, 2, 5, 20, 0.9, 2]],
[0.055701622366905214, 2.5308415472507475, [20, 0, 3, 0, 2, 5, 20, 0.9, 1]],
[0.05543290840254889, 2.514153998427921, [20, 0, 3, 0, 2, 5, 30, 0.9, 2]],
[0.055277063250541686, 2.5055406993627547, [20, 0, 3, 0, 2, 5, 30, 0.9, 1]],
[0.05519601540132003, 2.3891738203438844, [20, 0, 3, 0, 2, 5, 50, 0.9, 2]],
[0.05529533376296361, 2.3389207536975545, [20, 0, 3, 0, 2, 5, 50, 0.9, 1]],
[0.055343202902720524, 2.329860214086679, [20, 0, 3, 0, 2, 10, 20, 0.9, 2]],
[0.055410291467394145, 2.4000508585146494, [20, 0, 3, 0, 2, 10, 20, 0.9, 1]],
[0.05547229647636413, 2.421501605908076, [20, 0, 3, 0, 2, 10, 30, 0.9, 2]],
[0.05549420081079006, 2.4884671241045, [20, 0, 3, 0, 2, 10, 30, 0.9, 1]],
[0.055345867661868824, 2.5731586512397318, [20, 0, 3, 0, 2, 10, 50, 0.9, 2]],
[0.055201401644282874, 2.489595515529315, [20, 0, 3, 0, 2, 10, 50, 0.9, 1]],
[0.0551490909174869, 2.50377161063646, [20, 0, 3, 0.1, 2, 3, 20, 0.9, 2]],
[0.055110974609851836, 2.52193860411644, [20, 0, 3, 0.1, 2, 3, 20, 0.9, 1]],
[0.05517342658269973, 2.530884474515915, [20, 0, 3, 0.1, 2, 3, 30, 0.9, 2]],
[0.05514032217589292, 2.538684518770738, [20, 0, 3, 0.1, 2, 3, 30, 0.9, 1]],
[0.0551242760989977, 2.4564578618692314, [20, 0, 3, 0.1, 2, 3, 50, 0.9, 2]],
[0.05511014312505722, 2.428845646480719, [20, 0, 3, 0.1, 2, 3, 50, 0.9, 1]],
[0.05507959651947021, 2.372229669094086, [20, 0, 3, 0.1, 2, 5, 20, 0.9, 2]],
[0.05506097147097955, 2.395136184646533, [20, 0, 3, 0.1, 2, 5, 20, 0.9, 1]],
[0.05499573681089613, 2.374501661459605, [20, 0, 3, 0.1, 2, 5, 30, 0.9, 2]],
[0.05495314363922391, 2.3420962105904306, [20, 0, 3, 0.1, 2, 5, 30, 0.9, 1]],
[0.05500316475999766, 2.3213584289468567, [20, 0, 3, 0.1, 2, 5, 50, 0.9, 2]],
[0.05495421528816223, 2.2850057739019394, [20, 0, 3, 0.1, 2, 5, 50, 0.9, 1]],
[0.054986330962950185, 2.3600045223389903, [20, 0, 3, 0.1, 2, 10, 20, 0.9, 2]],
[0.05502417106181383, 2.388210777379572, [20, 0, 3, 0.1, 2, 10, 20, 0.9, 1]],
[0.055031899972395465, 2.3648100665121365, [20, 0, 3, 0.1, 2, 10, 30, 0.9, 2]],
[0.055014184993856095, 2.355312702059746, [20, 0, 3, 0.1, 2, 10, 30, 0.9, 1]],
[0.05493812152317592, 2.329716321400234, [20, 0, 3, 0.1, 2, 10, 50, 0.9, 2]],
[0.05493269032902188, 2.337358703878191, [20, 0, 3, 0.1, 2, 10, 50, 0.9, 1]],
[0.0548809341482214, 2.333300190197455, [20, 0.2, 3, 0, 2, 3, 20, 0.9, 2]],
[0.054873265090741606, 2.355532087150373, [20, 0.2, 3, 0, 2, 3, 20, 0.9, 1]],
[0.054818097903178285, 2.3385861068199842, [20, 0.2, 3, 0, 2, 3, 30, 0.9, 2]],
[0.054823718667030334, 2.3530390436947344, [20, 0.2, 3, 0, 2, 3, 30, 0.9, 1]],
[0.054867401791781914, 2.348250477343071, [20, 0.2, 3, 0, 2, 3, 50, 0.9, 2]],
[0.05489945723896935, 2.3088461291222346, [20, 0.2, 3, 0, 2, 3, 50, 0.9, 1]],
[0.0548590642075206, 2.3082409315331036, [20, 0.2, 3, 0, 2, 5, 20, 0.9, 2]],
[0.05484801246361299, 2.319731691615148, [20, 0.2, 3, 0, 2, 5, 20, 0.9, 1]],
[0.05479856265915765, 2.318108848863178, [20, 0.2, 3, 0, 2, 5, 30, 0.9, 2]],
[0.054843667538269705, 2.317165161215741, [20, 0.2, 3, 0, 2, 5, 30, 0.9, 1]],
[0.05483977477601234, 2.3253880074683657, [20, 0.2, 3, 0, 2, 5, 50, 0.9, 2]],
[0.05480530150234699, 2.333735903725028, [20, 0.2, 3, 0, 2, 5, 50, 0.9, 1]],
[0.05474281858424751, 2.3313694739828303, [20, 0.2, 3, 0, 2, 10, 20, 0.9, 2]],
[0.05474248874187469, 2.37208286857605, [20, 0.2, 3, 0, 2, 10, 20, 0.9, 1]],
[0.05469066243545682, 2.3675287950272654, [20, 0.2, 3, 0, 2, 10, 30, 0.9, 2]],
[0.054707415516559894, 2.3853570461273192, [20, 0.2, 3, 0, 2, 10, 30, 0.9, 1]],
[0.05471630512543444, 2.3755965886250983, [20, 0.2, 3, 0, 2, 10, 50, 0.9, 2]],
[0.054678792865188036, 2.358869019040355, [20, 0.2, 3, 0, 2, 10, 50, 0.9, 1]],
[0.054655695069919935, 2.4010527576099743, [20, 0.2, 3, 0.1, 2, 3, 20, 0.9, 2]],
[0.05466754660010338, 2.42444069779345, [20, 0.2, 3, 0.1, 2, 3, 20, 0.9, 1]],
[0.05465022367343568, 2.4378756849389327, [20, 0.2, 3, 0.1, 2, 3, 30, 0.9, 2]],
[0.054655318732919365, 2.424968786177964, [20, 0.2, 3, 0.1, 2, 3, 30, 0.9, 1]],
[0.05464586767099672, 2.3951497467897704, [20, 0.2, 3, 0.1, 2, 3, 50, 0.9, 2]],
[0.05462149719397227, 2.375670809447765, [20, 0.2, 3, 0.1, 2, 3, 50, 0.9, 1]],
[0.05460174132565983, 2.3906284264853745, [20, 0.2, 3, 0.1, 2, 5, 20, 0.9, 2]],
[0.05460061623204139, 2.4060735186261515, [20, 0.2, 3, 0.1, 2, 5, 20, 0.9, 1]],
[0.05455753216667781, 2.379671190844642, [20, 0.2, 3, 0.1, 2, 5, 30, 0.9, 2]],
[0.05454758973792195, 2.3552339295856655, [20, 0.2, 3, 0.1, 2, 5, 30, 0.9, 1]],
[0.054524717881129336, 2.322230719419626, [20, 0.2, 3, 0.1, 2, 5, 50, 0.9, 2]],
[0.05455700141010862, 2.3132322883064096, [20, 0.2, 3, 0.1, 2, 5, 50, 0.9, 1]],
[0.054544245218163104, 2.3339476835371844, [20, 0.2, 3, 0.1, 2, 10, 20, 0.9, 2]],
[0.054547259737463556, 2.3568591691991863, [20, 0.2, 3, 0.1, 2, 10, 20, 0.9, 1]],
[0.05452201159104057, 2.3751727934332862, [20, 0.2, 3, 0.1, 2, 10, 30, 0.9, 2]],
[0.05449691849095481, 2.380407631482397, [20, 0.2, 3, 0.1, 2, 10, 30, 0.9, 1]],
[0.05449918642849989, 2.387095033282965, [20, 0.2, 3, 0.1, 2, 10, 50, 0.9, 2]],
[0.05452406042151981, 2.374069449471103, [20, 0.2, 3, 0.1, 2, 10, 50, 0.9, 1]],
[0.05451396744545192, 2.3826606196899935, [50, 0, 3, 0, 2, 3, 20, 0.9, 2]],
[0.05451744794845581, 2.458217125969964, [50, 0, 3, 0, 2, 3, 20, 0.9, 1]],
[0.054495582898457844, 2.477782257636388, [50, 0, 3, 0, 2, 3, 30, 0.9, 2]],
[0.05450889099585383, 2.4982620293372557, [50, 0, 3, 0, 2, 3, 30, 0.9, 1]],
[0.054501934949453774, 2.4830154723935314, [50, 0, 3, 0, 2, 3, 50, 0.9, 2]],
[0.05447782698350075, 2.5078051838355186, [50, 0, 3, 0, 2, 3, 50, 0.9, 1]],
[0.05446114351477804, 2.557136956951286, [50, 0, 3, 0, 2, 5, 20, 0.9, 2]],
[0.054481827542185786, 2.575734361857176, [50, 0, 3, 0, 2, 5, 20, 0.9, 1]],
[0.054479008397938296, 2.586111373003618, [50, 0, 3, 0, 2, 5, 30, 0.9, 2]],
[0.054489794010069315, 2.6001020269422996, [50, 0, 3, 0, 2, 5, 30, 0.9, 1]],
[0.054480364523738264, 2.603614375462015, [50, 0, 3, 0, 2, 5, 50, 0.9, 2]],
[0.05449490022091638, 2.5970976881328083, [50, 0, 3, 0, 2, 5, 50, 0.9, 1]],
[0.05451731878168443, 2.6303951791454763, [50, 0, 3, 0, 2, 10, 20, 0.9, 2]],
[0.054532166137251745, 2.660008977526842, [50, 0, 3, 0, 2, 10, 20, 0.9, 1]],
[0.0545535902867372, 2.7073204137813085, [50, 0, 3, 0, 2, 10, 30, 0.9, 2]],
[0.05456614975224842, 2.7173549068922345, [50, 0, 3, 0, 2, 10, 30, 0.9, 1]],
[0.05455242616406987, 2.7306728963771563, [50, 0, 3, 0, 2, 10, 50, 0.9, 2]],
[0.05453837858306037, 2.7279474198818208, [50, 0, 3, 0, 2, 10, 50, 0.9, 1]],
[0.054540464052787195, 2.746899671279467, [50, 0, 3, 0.1, 2, 3, 20, 0.9, 2]],
[0.05455499621837036, 2.7603143152335416, [50, 0, 3, 0.1, 2, 3, 20, 0.9, 1]],
[0.054554415902783794, 2.7851985690414263, [50, 0, 3, 0.1, 2, 3, 30, 0.9, 2]],
[0.05455284511789363, 2.8022990234988803, [50, 0, 3, 0.1, 2, 3, 30, 0.9, 1]],
[0.054544983663057024, 2.7976721342613824, [50, 0, 3, 0.1, 2, 3, 50, 0.9, 2]],
[0.05455806497484446, 2.7785484128942093, [50, 0, 3, 0.1, 2, 3, 50, 0.9, 1]],
[0.05455055882021324, 2.782266493556426, [50, 0, 3, 0.1, 2, 5, 20, 0.9, 2]],
[0.0545679252974841, 2.789566130419167, [50, 0, 3, 0.1, 2, 5, 20, 0.9, 1]],
[0.05456339650683933, 2.814039078926799, [50, 0, 3, 0.1, 2, 5, 30, 0.9, 2]],
[0.05456561529636383, 2.828509102106094, [50, 0, 3, 0.1, 2, 5, 30, 0.9, 1]],
[0.0545465092257698, 2.810711676177412, [50, 0, 3, 0.1, 2, 5, 50, 0.9, 2]],
[0.0545544211770974, 2.8020568670011032, [50, 0, 3, 0.1, 2, 5, 50, 0.9, 1]],
[0.05458898011920522, 2.8097509212285567, [50, 0, 3, 0.1, 2, 10, 20, 0.9, 2]],
[0.054622095250166376, 2.8299661145187343, [50, 0, 3, 0.1, 2, 10, 20, 0.9, 1]],
[0.05461345417158944, 2.845231503759112, [50, 0, 3, 0.1, 2, 10, 30, 0.9, 2]],
[0.05463090893232597, 2.863099264761187, [50, 0, 3, 0.1, 2, 10, 30, 0.9, 1]],
[0.05462520339778651, 2.8681296748535656, [50, 0, 3, 0.1, 2, 10, 50, 0.9, 2]],
[0.054628058329776484, 2.8885186710291437, [50, 0, 3, 0.1, 2, 10, 50, 0.9, 1]],
[0.05463362412715177, 2.897738834914811, [50, 0.2, 3, 0, 2, 3, 20, 0.9, 2]],
[0.05461494131521745, 2.907208946997469, [50, 0.2, 3, 0, 2, 3, 20, 0.9, 1]],
[0.054598331451416016, 2.9157881071438663, [50, 0.2, 3, 0, 2, 3, 30, 0.9, 2]],
[0.05457964300044945, 2.9374281032277003, [50, 0.2, 3, 0, 2, 3, 30, 0.9, 1]],
[0.054580781470357845, 2.945548287324146, [50, 0.2, 3, 0, 2, 3, 50, 0.9, 2]],
[0.05456084640402543, 2.939968926655619, [50, 0.2, 3, 0, 2, 3, 50, 0.9, 1]],
[0.0545455234983693, 2.953800989130269, [50, 0.2, 3, 0, 2, 5, 20, 0.9, 2]],
[0.054540995277207474, 2.9724751716543887, [50, 0.2, 3, 0, 2, 5, 20, 0.9, 1]],
[0.05453836056921217, 2.9850319106354672, [50, 0.2, 3, 0, 2, 5, 30, 0.9, 2]],
[0.054537615937701726, 2.989171668331502, [50, 0.2, 3, 0, 2, 5, 30, 0.9, 1]],
[0.05453491376227691, 2.979766253813976, [50, 0.2, 3, 0, 2, 5, 50, 0.9, 2]],
[0.054519176532824835, 2.991915745139122, [50, 0.2, 3, 0, 2, 5, 50, 0.9, 1]],
[0.05454627359208982, 3.00197225424869, [50, 0.2, 3, 0, 2, 10, 20, 0.9, 2]],
[0.054554407811555704, 3.016349953461866, [50, 0.2, 3, 0, 2, 10, 20, 0.9, 1]],
[0.05457005132504595, 3.0355499062596296, [50, 0.2, 3, 0, 2, 10, 30, 0.9, 2]],
[0.05457453722915342, 3.0336820031846723, [50, 0.2, 3, 0, 2, 10, 30, 0.9, 1]],
[0.05457196073532104, 3.015358154344559, [50, 0.2, 3, 0, 2, 10, 50, 0.9, 2]],
[0.05456023466965509, 3.026398740590565, [50, 0.2, 3, 0, 2, 10, 50, 0.9, 1]],
[0.05454815429026686, 3.029342921136871, [50, 0.2, 3, 0.1, 2, 3, 20, 0.9, 2]],
[0.054537547705695036, 3.0361078791785987, [50, 0.2, 3, 0.1, 2, 3, 20, 0.9, 1]],
[0.0545473526614581, 3.0656184921893037, [50, 0.2, 3, 0.1, 2, 3, 30, 0.9, 2]],
[0.05453858421399043, 3.072714890058224, [50, 0.2, 3, 0.1, 2, 3, 30, 0.9, 1]],
[0.05455212925226634, 3.0783576587684283, [50, 0.2, 3, 0.1, 2, 3, 50, 0.9, 2]],
[0.05455038813930569, 3.062536333817424, [50, 0.2, 3, 0.1, 2, 3, 50, 0.9, 1]],
[0.0545502711955766, 3.062768489660177, [50, 0.2, 3, 0.1, 2, 5, 20, 0.9, 2]],
[0.05453647490757615, 3.0645449553852653, [50, 0.2, 3, 0.1, 2, 5, 20, 0.9, 1]],
[0.05453244271101775, 3.075107165001057, [50, 0.2, 3, 0.1, 2, 5, 30, 0.9, 2]],
[0.05452992394566536, 3.0712574284304592, [50, 0.2, 3, 0.1, 2, 5, 30, 0.9, 1]],
[0.05453743047087732, 3.0698507363778833, [50, 0.2, 3, 0.1, 2, 5, 50, 0.9, 2]],
[0.05454705426658409, 3.0615576487088547, [50, 0.2, 3, 0.1, 2, 5, 50, 0.9, 1]],
[0.0545664400505505, 3.0661494336539894, [50, 0.2, 3, 0.1, 2, 10, 20, 0.9, 2]],
[0.05457305703844343, 3.078664881203856, [50, 0.2, 3, 0.1, 2, 10, 20, 0.9, 1]],
[0.05457661583068523, 3.077927758296331, [50, 0.2, 3, 0.1, 2, 10, 30, 0.9, 2]],
[0.054586056714326564, 3.091971504772213, [50, 0.2, 3, 0.1, 2, 10, 30, 0.9, 1]],
[0.054575597322904144, 3.0820392358136344, [50, 0.2, 3, 0.1, 2, 10, 50, 0.9, 2]],
[0.05456448536780145, 3.077339589637187, [50, 0.2, 3, 0.1, 2, 10, 50, 0.9, 1]],
[0.054570823209039096, 3.0956014541921943, [80, 0, 3, 0, 2, 3, 20, 0.9, 2]],
[0.054568810618087035, 3.1134933399419262, [80, 0, 3, 0, 2, 3, 20, 0.9, 1]],
[0.054555546102069676, 3.127285394052259, [80, 0, 3, 0, 2, 3, 30, 0.9, 2]],
[0.054545697006019384, 3.1456709467881434, [80, 0, 3, 0, 2, 3, 30, 0.9, 1]],
[0.05453848382770615, 3.142783654136146, [80, 0, 3, 0, 2, 3, 50, 0.9, 2]],
[0.054532714207967126, 3.143270936489105, [80, 0, 3, 0, 2, 3, 50, 0.9, 1]],
[0.05454191826037224, 3.1701175079835173, [80, 0, 3, 0, 2, 5, 20, 0.9, 2]],
[0.05455120170586988, 3.1952959121842133, [80, 0, 3, 0, 2, 5, 20, 0.9, 1]],
[0.05456497653637057, 3.2122915033421484, [80, 0, 3, 0, 2, 5, 30, 0.9, 2]],
[0.05456442658777361, 3.2416294914561434, [80, 0, 3, 0, 2, 5, 30, 0.9, 1]],
[0.054558432486749464, 3.2422842694867042, [80, 0, 3, 0, 2, 5, 50, 0.9, 2]],
[0.054545805393121184, 3.237022704994067, [80, 0, 3, 0, 2, 5, 50, 0.9, 1]],
[0.05456283263340118, 3.2605988013516565, [80, 0, 3, 0, 2, 10, 20, 0.9, 2]],
[0.05458066259758382, 3.2922040098075627, [80, 0, 3, 0, 2, 10, 20, 0.9, 1]],
[0.0546016016096439, 3.309628689026683, [80, 0, 3, 0, 2, 10, 30, 0.9, 2]],
[0.054617373719811436, 3.3307725551351903, [80, 0, 3, 0, 2, 10, 30, 0.9, 1]],
[0.054620277955665354, 3.340408007587705, [80, 0, 3, 0, 2, 10, 50, 0.9, 2]],
[0.05463219255576899, 3.356123248588892, [80, 0, 3, 0, 2, 10, 50, 0.9, 1]],
[0.05463276351887755, 3.3607254995158846, [80, 0, 3, 0.1, 2, 3, 20, 0.9, 2]],
[0.05462358833813086, 3.374862948459823, [80, 0, 3, 0.1, 2, 3, 20, 0.9, 1]],
[0.0546158488591512, 3.3825050713437976, [80, 0, 3, 0.1, 2, 3, 30, 0.9, 2]],
[0.05461031733507134, 3.3927967126470016, [80, 0, 3, 0.1, 2, 3, 30, 0.9, 1]],
[0.054602703148733354, 3.3847261092619982, [80, 0, 3, 0.1, 2, 3, 50, 0.9, 2]],
[0.05460329144483521, 3.3750711641141344, [80, 0, 3, 0.1, 2, 3, 50, 0.9, 1]],
[0.054612534885575784, 3.3863594698835406, [80, 0, 3, 0.1, 2, 5, 20, 0.9, 2]],
[0.054626227091340455, 3.412814306686906, [80, 0, 3, 0.1, 2, 5, 20, 0.9, 1]],
[0.054637953621602196, 3.4282925817352985, [80, 0, 3, 0.1, 2, 5, 30, 0.9, 2]],
[0.054645040769909704, 3.4360145127357438, [80, 0, 3, 0.1, 2, 5, 30, 0.9, 1]],
