[6.673201560974121, 0.058940985729026688, 1.5311157941818236, 0.14699989530940899, [20, 0, 0, 0, 0, 3, 50, 0.9, 1]],




Sorted Records:,
[6.795109033584595, 0.04, 1.660614013671875, 0.123, [20, 0, 0, 0, 0, 3, 50, 0.9, 1]],
[6.634968996047974, 0.04, 1.4121670722961426, 0.123, [20, 0, 0, 0, 0, 3, 50, 0.9, 1]],
[6.62835693359375, 0.04, 1.6620709896087646, 0.123, [20, 0, 0, 0, 0, 3, 50, 0.9, 1]],
[6.640426874160767, 0.04, 1.361220121383667, 0.123, [20, 0, 0, 0, 0, 3, 50, 0.9, 1]],
[6.65424108505249, 0.04, 1.431870937347412, 0.123, [20, 0, 0, 0, 0, 3, 50, 0.9, 1]],
[6.7432849407196045, 0.04, 1.475736141204834, 0.123, [20, 0, 0, 0, 0, 3, 50, 0.9, 1]],
[6.632772922515869, 0.04, 1.3554320335388184, 0.123, [20, 0, 0, 0, 0, 3, 50, 0.9, 1]],
[6.6148388385772705, 0.04, 1.7654428482055664, 0.123, [20, 0, 0, 0, 0, 3, 50, 0.9, 1]],
[6.739583969116211, 0.04, 1.4653708934783936, 0.123, [20, 0, 0, 0, 0, 3, 50, 0.9, 1]],
[6.648432016372681, 0.04, 1.7212328910827637, 0.123, [20, 0, 0, 0, 0, 3, 50, 0.9, 1]],
