


run_build('cogent')
[152,193,0.2,157.75],\
[12,29,0.4,463.25],\
[31,177,1,310.5],\
[33,133,0.4,463.25],\
[11,42,0.4,5.0],\
[123,17,0.6,157.75],\
[49,55,0.6,5.0],\
[171,177,1,463.25],\
[196,89,0.6,310.5],\
[136,181,0.2,5.0],\
[185,142,1,310.5],\
[43,5,0.6,463.25],\
[95,181,0.4,157.75],\
[42,130,0.2,616.0],\
[12,4,0.2,310.5],\
[146,34,1,463.25],\
[130,101,0.6,5.0],\
[69,136,1,157.75],\
[42,16,0.4,5.0],\
[91,136,0.2,310.5],\
[88,41,0.2,5.0],\
[150,46,0.2,616.0],\
[173,190,0.4,5.0],\
[184,3,1,616.0],\
[73,105,0.4,157.75],\
[177,127,0.4,157.75],\
[190,86,0.4,157.75],\
[164,81,0.6,157.75],\
[105,87,0.6,5.0],\
[110,31,1,616.0],\
[32,169,0.2,463.25],\
[16,145,0.4,616.0],\
[192,20,0.6,616.0],\
[109,125,1,616.0],\
[160,189,0.4,463.25],\
[35,107,0.6,157.75],\
[41,59,0.6,157.75],\
[37,29,0.2,157.75],\
[140,69,0.2,616.0],\
[172,70,0.2,310.5],\
[72,189,1,616.0],\
[101,31,0.2,310.5],\
[108,170,0.2,310.5],\
[17,131,0.2,310.5],\
[7,190,0.6,616.0],\
[155,180,0.4,157.75],\
[172,145,1,5.0],\
[148,188,0.2,157.75],\
[63,165,0.2,616.0],\
[80,177,0.2,5.0],\
[104,97,0.4,310.5],\
[99,120,1,310.5],\
[47,170,0.6,616.0],\
[9,117,1,5.0],\
[158,18,0.4,310.5],\
[187,69,0.6,616.0],\
[45,157,0.4,5.0],\
[94,174,0.2,463.25],\
[164,195,0.2,310.5],\
[183,82,0.4,463.25],\
[34,105,0.2,463.25],\
[103,75,0.2,616.0],\
[2,40,0.2,157.75],\
[94,115,0.2,310.5],\
[194,117,0.2,5.0],\
[78,112,0.2,157.75],\
[193,194,0.6,310.5],\
[153,102,0.4,5.0],\
[142,192,1,463.25],\
[117,35,0.6,463.25],\
[171,17,0.4,463.25],\
[10,23,0.6,463.25],\
[168,72,0.6,5.0],\
[66,88,0.2,5.0],\
[196,19,1,616.0],\
[174,146,0.2,616.0],\
[193,108,1,157.75],\
[21,0,0.2,310.5],\
[59,35,0.2,463.25],\
[2,187,0.2,5.0],\
[131,12,0.4,616.0],\
[182,88,0.4,310.5],\
[118,63,0.2,5.0],\
[100,85,0.2,463.25],\
[135,137,0.4,616.0],\
[181,175,0.4,463.25],\
[113,19,0.4,463.25],\
[192,37,0.4,463.25],\
[176,97,0.6,616.0],\
[3,77,1,5.0],\
[181,59,0.4,310.5],\
[182,37,0.6,157.75],\
[61,46,0.4,310.5],\
[82,123,0.6,616.0],\
[179,146,0.4,157.75],\
[73,38,1,463.25],\
[42,120,0.4,157.75],\
[168,60,0.2,157.75],\
[144,62,0.2,157.75],\
[118,117,1,616.0],\
[81,156,0.2,463.25],\
[13,188,1,5.0],\
[191,55,0.2,310.5],\
[83,111,0.2,5.0],\
[110,186,1,463.25],\
[50,97,0.6,5.0],\
[159,37,0.6,157.75],\
[53,15,0.4,157.75],\
[9,136,0.2,5.0],\
[129,148,1,5.0],\
[82,69,0.2,616.0],\
[69,61,0.6,463.25],\
[168,67,0.4,157.75],\
[133,92,0.6,310.5],\
[165,51,0.4,5.0],\
[38,6,0.2,310.5],\
[3,124,1,463.25],\
[137,108,0.4,5.0],\
[86,122,0.6,616.0],\
[185,156,1,5.0],\
[48,6,0.2,157.75],\
[103,151,0.2,5.0],\
[173,155,0.6,463.25],\
[113,196,0.6,157.75],\
[185,48,0.4,310.5],\
[73,158,1,157.75],\
[112,99,1,310.5],\
[13,95,0.4,463.25],\
[134,191,0.4,463.25],\
[129,157,0.6,616.0],\
[171,120,1,5.0],\
[63,101,0.6,5.0],\
[127,109,0.2,310.5],\
[190,179,0.6,157.75],\
[53,45,1,616.0],\
[192,4,0.4,616.0],\
[155,173,0.6,5.0],\
[164,134,0.6,5.0],\
[188,185,0.2,157.75],\
[173,7,0.2,310.5],\
[54,113,0.2,616.0],\
[16,56,1,616.0],\
[23,184,0.2,616.0],\
[153,15,0.4,616.0],\
[158,87,0.2,463.25],\
[116,54,1,157.75],\
[23,126,0.6,463.25],\
[185,181,1,5.0],\
[165,115,0.2,310.5],\
[174,139,0.2,157.75],\
[34,73,1,616.0],\
[162,121,0.2,463.25],\
[187,146,0.2,616.0],\
[2,8,0.2,157.75],\
[0,26,0.2,157.75],\
[25,130,0.4,310.5],\
[9,114,1,463.25],\
[116,148,1,463.25],\
[64,160,0.6,157.75],\
[57,131,0.6,616.0],\
[16,169,0.6,157.75],\
[72,51,0.6,463.25],\
[76,130,0.2,5.0],\
[125,61,0.2,5.0],\
[120,156,0.2,616.0],\
[179,49,1,157.75],\
[81,173,0.2,5.0],\
[115,1,0.2,5.0],\
[91,115,0.6,463.25],\
[68,137,0.2,616.0],\
[191,118,0.4,157.75],\
[145,32,0.2,310.5],\
[28,173,0.6,157.75],\
[84,104,0.6,310.5],\
[173,44,1,310.5],\
[6,19,1,310.5],\
[22,130,1,616.0],\
[154,145,0.2,616.0],\
[55,81,0.2,157.75],\
[18,92,0.2,5.0],\
[190,99,0.2,157.75],\
[14,114,0.2,157.75],\
[114,98,0.2,5.0],\
[54,127,0.2,616.0],\
[65,173,1,616.0],\
[55,145,0.6,310.5],\
[190,174,0.2,310.5],\
[152,148,0.2,463.25],\
[110,46,0.2,157.75],\
[114,42,0.2,463.25],\
[157,62,0.2,463.25],\
[62,170,0.2,616.0],\
[153,53,0.2,616.0],\
[125,76,1,463.25],\
[66,18,1,616.0],\
[41,10,0.2,157.75],\
[158,182,0.6,616.0],\
[192,40,0.4,310.5],\
[70,64,0.2,310.5],\
[21,161,0.2,157.75],\
[7,191,0.2,463.25],\
[90,137,0.2,616.0],\
[102,83,0.2,616.0],\
[71,74,0.2,157.75],\
[56,92,1,463.25],\
[104,193,0.4,310.5],\
[124,171,0.6,310.5],\
[32,160,1,5.0],\
[128,65,0.2,463.25],\
[2,156,1,463.25],\
[60,61,0.4,5.0],\
[26,163,0.6,5.0],\
[54,68,0.6,463.25],\
[56,124,0.6,310.5],\
[145,3,1,463.25],\
[163,196,1,310.5],\
[135,47,0.2,310.5],\
[134,79,0.4,616.0],\
[46,8,1,310.5],\
[33,123,0.6,616.0],\
[41,31,1,616.0],\
[96,144,0.4,310.5],\
[139,70,0.2,616.0],\
[112,3,0.6,616.0],\
[182,60,0.6,5.0],\
[155,98,0.2,463.25],\
[190,55,0.2,157.75],\
[30,176,1,310.5],\
[110,164,0.2,310.5],\
[5,16,0.4,616.0],\
[6,155,0.4,463.25],\
[22,90,0.4,616.0],\
[120,157,1,310.5],\
[131,144,0.4,5.0],\
[10,175,0.2,5.0],\
[101,187,0.6,5.0],\
[115,6,0.4,157.75],\
[100,33,0.6,157.75],\
[142,49,0.2,463.25],\
[11,14,0.6,463.25],\
[177,85,0.2,5.0],\
[126,171,0.6,463.25],\
[51,130,0.2,157.75],\
[123,159,0.4,463.25],\
[177,92,0.2,310.5],\
[135,158,0.2,463.25],\
[70,111,0.6,157.75],\
[144,147,0.6,463.25],\
[91,52,0.2,310.5],\
[143,184,0.2,463.25],\
[69,34,0.2,310.5],\
[174,80,0.6,310.5],\
[145,42,0.6,463.25],\
[16,140,0.6,463.25],\
[78,79,0.2,616.0],\
[152,96,0.2,463.25],\
[70,152,0.6,5.0],\
[131,85,0.2,463.25],\
[13,133,1,310.5],\
[129,137,1,5.0],\
[53,21,1,616.0],\
[182,84,0.6,463.25],\
[16,78,0.4,5.0],\
[58,11,0.2,310.5],\
[36,52,0.6,310.5],\
[97,41,0.6,463.25],\
[101,149,0.2,157.75],\
[189,156,0.2,157.75],\
[167,80,0.2,5.0],\
[151,23,0.2,157.75],\
[113,7,0.4,616.0],\
[44,28,1,616.0],\
[162,70,0.6,463.25],\
[138,125,1,310.5],\
[65,32,0.2,463.25],\
[23,186,1,5.0],\
[97,125,0.2,463.25],\
[143,112,0.2,310.5],\
[141,58,0.2,157.75],\
[64,61,0.4,310.5],\
[54,69,0.6,463.25],\
[177,80,0.6,463.25],\
[138,123,0.2,157.75],\
[89,91,0.2,5.0],\
[110,62,1,157.75],\
[147,12,0.6,310.5],\
[164,91,0.2,463.25],\
[155,42,0.2,157.75],\
[107,113,0.2,157.75],\
[109,44,0.6,157.75],\
[8,77,0.2,310.5],\
[39,34,0.4,310.5],\
lp_ratio: 0.0


