


run_build('cogent')
[84,153,0.6,616.0],\
[37,86,0.2,463.25],\
[86,37,1,157.75],\
[82,123,0.2,310.5],\
[134,145,1,310.5],\
[10,34,1,157.75],\
[160,31,0.6,5.0],\
[135,147,0.2,310.5],\
[95,138,0.2,5.0],\
[11,105,0.2,5.0],\
[77,74,1,5.0],\
[25,66,0.2,157.75],\
[82,114,1,616.0],\
[148,103,0.2,5.0],\
[80,175,0.6,463.25],\
[96,149,0.6,310.5],\
[169,115,0.6,5.0],\
[95,49,0.2,5.0],\
[127,148,1,463.25],\
[1,167,0.4,310.5],\
[90,24,0.4,310.5],\
[159,71,0.4,616.0],\
[35,19,0.4,157.75],\
[57,179,0.6,157.75],\
[120,169,0.6,616.0],\
[132,31,0.2,157.75],\
[169,67,1,157.75],\
[86,47,0.2,310.5],\
[137,126,1,157.75],\
[82,177,1,5.0],\
[22,112,0.2,616.0],\
[26,37,0.2,157.75],\
[69,45,0.6,5.0],\
[132,171,0.6,463.25],\
[78,160,0.4,5.0],\
[143,62,0.2,310.5],\
[196,25,0.2,5.0],\
[18,98,0.6,157.75],\
[159,126,0.2,616.0],\
[106,192,0.2,157.75],\
[103,31,0.2,463.25],\
[138,69,0.2,5.0],\
[98,119,0.4,157.75],\
[64,12,0.2,463.25],\
[141,97,0.4,157.75],\
[106,77,1,463.25],\
[23,97,0.6,5.0],\
[21,121,0.6,5.0],\
[169,34,0.6,616.0],\
[82,107,0.2,616.0],\
[155,144,0.2,157.75],\
[2,39,0.4,616.0],\
[33,9,1,463.25],\
[39,72,0.2,5.0],\
[136,62,0.2,463.25],\
[186,18,1,310.5],\
[96,64,0.4,5.0],\
[66,76,0.4,157.75],\
[50,123,0.2,157.75],\
[185,146,0.6,463.25],\
[139,159,1,5.0],\
[30,152,0.2,463.25],\
[66,178,1,616.0],\
[116,123,0.6,616.0],\
[178,94,0.6,157.75],\
[63,97,0.2,157.75],\
[99,44,0.2,5.0],\
[114,86,0.4,5.0],\
[166,107,0.4,5.0],\
[76,35,1,310.5],\
[150,176,0.4,157.75],\
[90,116,1,463.25],\
[90,179,1,5.0],\
[92,142,0.2,310.5],\
[184,105,0.2,463.25],\
[183,121,1,463.25],\
[127,84,1,310.5],\
[180,107,0.2,5.0],\
[14,53,0.2,463.25],\
[24,173,0.6,310.5],\
[75,114,0.6,616.0],\
[61,16,0.6,616.0],\
[143,70,0.4,157.75],\
[20,128,0.2,463.25],\
[12,21,1,463.25],\
[87,78,0.2,5.0],\
[35,70,0.2,616.0],\
[78,79,0.6,5.0],\
[41,75,0.4,5.0],\
[169,122,0.2,157.75],\
[156,125,0.2,463.25],\
[60,25,1,463.25],\
[3,4,0.2,5.0],\
[54,20,0.6,157.75],\
[194,183,0.2,157.75],\
[48,101,0.2,5.0],\
[183,149,0.4,616.0],\
[169,118,0.2,5.0],\
[100,142,0.2,5.0],\
[91,100,0.2,463.25],\
[20,160,1,310.5],\
[123,0,0.2,5.0],\
[196,54,1,5.0],\
[79,110,1,310.5],\
[94,157,0.4,463.25],\
[78,89,0.6,157.75],\
[65,68,0.4,157.75],\
[79,120,1,310.5],\
[56,152,0.6,5.0],\
[162,18,0.6,463.25],\
[21,117,0.6,5.0],\
[143,161,0.2,157.75],\
[118,187,1,157.75],\
[26,142,1,463.25],\
[165,44,1,5.0],\
[165,1,0.2,463.25],\
[191,14,0.2,157.75],\
[169,194,0.2,616.0],\
[16,162,0.4,616.0],\
[52,174,0.6,310.5],\
[66,70,1,616.0],\
[3,159,0.4,5.0],\
[23,151,0.6,616.0],\
[75,124,0.6,310.5],\
[196,134,1,616.0],\
[108,186,0.2,5.0],\
[76,103,0.2,463.25],\
[93,169,0.6,157.75],\
[100,63,0.2,616.0],\
[36,97,1,5.0],\
[180,77,0.2,463.25],\
[74,13,0.2,463.25],\
[54,70,0.4,616.0],\
[67,108,0.2,310.5],\
[96,6,0.2,616.0],\
[191,157,0.2,157.75],\
[84,66,0.2,5.0],\
[107,159,0.6,310.5],\
[168,172,1,157.75],\
[157,23,0.6,310.5],\
[104,63,0.2,463.25],\
[28,116,0.6,310.5],\
[48,114,0.2,616.0],\
[110,68,0.6,463.25],\
[27,10,0.4,310.5],\
[126,64,0.2,616.0],\
[75,61,0.6,463.25],\
[19,26,0.2,463.25],\
[191,88,0.4,157.75],\
[160,26,1,310.5],\
[123,35,0.4,5.0],\
[12,116,0.2,157.75],\
[40,109,0.6,463.25],\
[17,162,0.4,463.25],\
[47,156,0.6,157.75],\
[158,46,0.2,616.0],\
[36,165,0.2,310.5],\
[54,78,0.2,5.0],\
[25,10,0.6,5.0],\
[172,23,1,463.25],\
[92,174,0.2,310.5],\
[46,5,0.4,157.75],\
[71,99,0.6,157.75],\
[166,79,0.6,157.75],\
[59,20,1,157.75],\
[162,105,0.2,310.5],\
[165,159,0.4,5.0],\
[134,86,1,310.5],\
[147,171,0.4,310.5],\
[143,185,0.2,157.75],\
[94,7,0.4,463.25],\
[145,175,0.2,463.25],\
[138,73,0.2,310.5],\
[119,115,0.4,463.25],\
[155,5,0.4,616.0],\
[162,118,0.2,310.5],\
[172,31,0.2,310.5],\
[132,49,0.2,5.0],\
[178,86,0.4,463.25],\
[188,49,0.4,616.0],\
[43,184,0.6,463.25],\
[182,132,0.2,463.25],\
[66,93,0.2,310.5],\
[84,129,0.2,157.75],\
[189,167,0.4,463.25],\
[11,125,0.2,310.5],\
[92,88,0.4,310.5],\
[5,86,0.6,310.5],\
[95,149,0.2,616.0],\
[188,195,1,310.5],\
[85,164,0.4,310.5],\
[129,174,1,5.0],\
[57,117,1,463.25],\
[119,98,0.4,5.0],\
[176,145,0.4,5.0],\
[77,62,0.6,463.25],\
[27,18,1,310.5],\
[130,62,0.2,616.0],\
[116,145,0.2,157.75],\
[178,127,0.6,616.0],\
[177,52,0.6,616.0],\
[39,134,0.4,5.0],\
[92,7,0.2,310.5],\
[128,64,0.2,463.25],\
[195,56,1,5.0],\
[97,168,0.2,463.25],\
[161,166,0.6,310.5],\
[100,96,0.2,310.5],\
[106,195,0.6,310.5],\
[119,176,0.4,310.5],\
[49,185,0.2,463.25],\
[23,67,0.4,5.0],\
[14,150,0.2,310.5],\
[179,86,0.4,310.5],\
[50,2,0.2,310.5],\
[154,12,0.6,616.0],\
[130,77,0.2,310.5],\
[178,116,0.4,157.75],\
[123,75,0.2,616.0],\
[16,141,0.2,616.0],\
[158,63,0.4,5.0],\
[63,102,1,310.5],\
[163,114,0.2,310.5],\
[190,136,0.6,616.0],\
[180,168,0.2,310.5],\
[193,24,0.4,616.0],\
[71,162,0.4,310.5],\
[28,60,0.6,157.75],\
[53,191,0.2,157.75],\
[183,50,0.4,463.25],\
[110,141,0.2,310.5],\
[21,136,1,463.25],\
[53,17,1,310.5],\
[179,110,0.2,463.25],\
[170,171,0.6,463.25],\
[196,130,0.2,616.0],\
[125,4,0.2,616.0],\
[96,132,0.2,463.25],\
[66,79,0.4,310.5],\
[32,62,1,310.5],\
[44,46,0.2,463.25],\
[80,63,0.2,310.5],\
[40,182,0.6,5.0],\
[126,165,0.6,310.5],\
[125,100,0.4,157.75],\
[51,95,0.6,157.75],\
[157,136,0.6,310.5],\
[22,98,0.6,463.25],\
[81,117,1,5.0],\
[161,37,0.2,463.25],\
[24,163,0.2,310.5],\
[24,130,0.2,616.0],\
[99,74,0.4,616.0],\
[61,187,0.4,5.0],\
[31,167,0.2,5.0],\
[152,4,0.6,310.5],\
[187,130,1,616.0],\
[30,58,0.4,310.5],\
[96,135,0.2,616.0],\
[62,13,0.4,310.5],\
[103,127,0.2,616.0],\
[27,26,0.2,157.75],\
[47,15,0.6,616.0],\
[184,14,1,5.0],\
[165,55,1,310.5],\
[63,1,0.6,616.0],\
[10,108,0.2,463.25],\
[171,74,1,5.0],\
[147,12,0.2,310.5],\
[8,74,0.6,616.0],\
[39,111,1,157.75],\
[179,13,0.4,616.0],\
[12,7,0.2,616.0],\
[92,76,0.4,310.5],\
[117,89,0.2,616.0],\
[185,36,1,157.75],\
[139,117,0.4,463.25],\
[104,6,1,310.5],\
[78,162,0.2,463.25],\
[42,26,0.2,157.75],\
[37,79,1,157.75],\
[33,112,0.6,157.75],\
[93,150,0.6,616.0],\
[184,75,0.2,310.5],\
[126,109,0.2,310.5],\
[119,70,1,463.25],\
[15,179,0.6,310.5],\
[59,151,0.6,463.25],\
[34,170,0.2,463.25],\
[156,45,1,310.5],\
[179,1,1,157.75],\
[133,29,0.2,5.0],\
lp_ratio: 0.0


