


run_build('cogent')
[167,165,0.6,616.0],\
[70,78,0.2,5.0],\
[140,72,0.2,463.25],\
[153,194,0.6,310.5],\
[28,122,1,463.25],\
[58,165,0.6,5.0],\
[108,11,0.2,616.0],\
[155,190,0.2,616.0],\
[35,49,1,157.75],\
[53,54,0.4,157.75],\
[139,137,0.2,310.5],\
[83,67,0.6,310.5],\
[154,36,0.2,463.25],\
[173,159,0.2,157.75],\
[121,34,0.6,157.75],\
[82,193,1,5.0],\
[2,20,0.2,5.0],\
[34,167,0.2,310.5],\
[12,126,0.2,5.0],\
[145,111,0.2,157.75],\
[150,46,0.2,310.5],\
[40,138,0.2,5.0],\
[35,18,1,157.75],\
[146,6,0.6,310.5],\
[137,164,1,157.75],\
[14,100,0.2,157.75],\
[88,76,1,5.0],\
[7,32,0.6,5.0],\
[196,80,0.6,310.5],\
[54,173,0.2,157.75],\
[123,167,0.2,5.0],\
[150,16,0.2,157.75],\
[110,29,0.4,157.75],\
[153,132,0.6,5.0],\
[140,152,0.2,616.0],\
[57,68,0.2,157.75],\
[183,124,0.2,157.75],\
[159,89,0.4,616.0],\
[20,130,0.6,157.75],\
[101,91,0.2,616.0],\
[177,176,0.2,463.25],\
[147,63,0.2,463.25],\
[11,20,0.6,310.5],\
[92,46,0.4,310.5],\
[93,135,1,463.25],\
[172,75,0.2,310.5],\
[121,147,1,463.25],\
[45,177,0.2,616.0],\
[133,165,1,463.25],\
[153,135,0.6,157.75],\
[172,190,0.2,463.25],\
[30,141,0.4,5.0],\
[56,126,0.2,616.0],\
[69,124,0.2,310.5],\
[77,191,0.6,5.0],\
[35,153,1,310.5],\
[132,25,0.4,463.25],\
[184,148,0.4,463.25],\
[147,154,0.2,616.0],\
[102,23,0.2,463.25],\
[171,165,0.6,310.5],\
[114,145,0.2,310.5],\
[185,77,0.2,463.25],\
[73,143,1,463.25],\
[92,108,0.4,157.75],\
[59,152,0.2,310.5],\
[117,170,0.2,157.75],\
[43,125,0.2,5.0],\
[100,192,0.2,5.0],\
[107,151,0.2,157.75],\
[78,87,0.4,5.0],\
[146,73,0.6,5.0],\
[84,131,0.6,5.0],\
[12,137,0.4,616.0],\
[32,91,1,157.75],\
[141,182,0.2,463.25],\
[86,21,0.2,616.0],\
[118,20,1,616.0],\
[109,69,0.2,157.75],\
[87,171,0.2,5.0],\
[129,126,0.4,157.75],\
[47,161,0.2,463.25],\
[82,189,0.2,463.25],\
[116,189,0.6,157.75],\
[144,39,0.2,310.5],\
[124,148,0.2,157.75],\
[75,129,0.4,157.75],\
[130,107,0.4,157.75],\
[1,9,1,157.75],\
[82,129,1,463.25],\
[110,185,0.2,310.5],\
[17,13,1,310.5],\
[140,118,0.4,5.0],\
[136,55,0.2,157.75],\
[76,116,1,5.0],\
[66,195,0.2,157.75],\
[134,78,1,5.0],\
[52,187,0.6,463.25],\
[135,65,0.4,616.0],\
[175,118,0.6,5.0],\
[103,67,0.2,463.25],\
[54,93,0.2,463.25],\
[38,26,0.6,310.5],\
[35,9,0.6,463.25],\
[76,194,0.4,310.5],\
[6,58,1,157.75],\
[62,116,0.6,463.25],\
[6,123,0.2,157.75],\
[43,80,0.4,5.0],\
[154,155,0.6,5.0],\
[141,166,0.4,616.0],\
[192,88,0.2,310.5],\
[36,124,0.2,310.5],\
[27,148,0.4,616.0],\
[14,136,1,157.75],\
[14,96,0.2,463.25],\
[127,21,0.2,157.75],\
[29,175,0.2,616.0],\
[193,141,0.2,5.0],\
[188,134,0.6,310.5],\
[120,1,0.2,157.75],\
[190,29,0.4,5.0],\
[80,159,1,463.25],\
[132,113,0.6,5.0],\
[35,99,0.2,157.75],\
[180,91,0.2,616.0],\
[134,19,1,463.25],\
[163,66,0.2,310.5],\
[83,89,0.2,616.0],\
[121,177,0.4,463.25],\
[176,184,0.2,463.25],\
[148,118,1,310.5],\
[160,171,1,5.0],\
[153,140,0.4,310.5],\
[192,125,1,463.25],\
[128,13,0.2,463.25],\
[23,161,0.2,157.75],\
[8,69,1,463.25],\
[79,110,0.4,616.0],\
[42,172,0.2,463.25],\
[146,118,0.2,157.75],\
[172,177,0.4,157.75],\
[172,123,1,5.0],\
[162,142,0.6,310.5],\
[183,38,0.2,310.5],\
[107,155,0.4,5.0],\
[77,137,0.2,157.75],\
[88,4,0.4,310.5],\
[150,159,0.6,157.75],\
[174,115,0.4,463.25],\
[104,74,0.2,157.75],\
[155,171,0.4,157.75],\
[156,15,1,157.75],\
[16,191,0.2,5.0],\
[150,41,1,157.75],\
[179,161,0.4,616.0],\
[183,88,0.2,463.25],\
[139,83,0.4,616.0],\
[174,31,0.6,157.75],\
[132,188,0.6,310.5],\
[22,32,0.2,5.0],\
[44,121,0.2,5.0],\
[104,181,0.4,463.25],\
[156,195,0.6,5.0],\
[27,113,0.2,157.75],\
[48,76,0.6,616.0],\
[161,190,1,463.25],\
[68,155,0.4,616.0],\
[181,188,0.2,463.25],\
[6,35,0.4,157.75],\
[108,150,0.4,616.0],\
[75,66,0.4,616.0],\
[158,145,0.2,5.0],\
[99,137,0.2,463.25],\
[64,142,1,616.0],\
[130,7,0.2,310.5],\
[26,98,0.6,157.75],\
[39,136,1,157.75],\
[48,169,0.4,616.0],\
[37,169,0.6,463.25],\
[186,123,0.4,5.0],\
[189,157,0.6,463.25],\
[77,194,0.2,5.0],\
[141,91,1,157.75],\
[121,104,0.2,463.25],\
[99,157,0.2,310.5],\
[56,77,0.2,310.5],\
[127,60,1,5.0],\
[46,85,0.4,157.75],\
[65,178,0.2,463.25],\
[130,84,0.6,616.0],\
[5,89,0.2,310.5],\
[127,51,0.2,310.5],\
[65,136,0.6,5.0],\
[54,184,1,463.25],\
[158,6,1,310.5],\
[138,149,1,463.25],\
[138,183,0.6,463.25],\
[183,74,0.6,463.25],\
[43,148,1,157.75],\
[147,60,0.2,310.5],\
[72,173,0.2,5.0],\
[176,72,0.2,463.25],\
[182,137,0.2,157.75],\
[157,20,0.4,157.75],\
[95,61,0.6,616.0],\
[158,1,0.4,616.0],\
[80,24,0.2,463.25],\
[160,62,0.2,616.0],\
[184,57,1,463.25],\
[153,30,0.2,310.5],\
[164,52,1,310.5],\
[96,150,0.2,616.0],\
[141,134,0.4,5.0],\
[100,120,0.2,463.25],\
[74,158,0.6,5.0],\
[49,73,0.6,157.75],\
[99,177,0.2,310.5],\
[17,174,0.4,5.0],\
[124,167,0.6,310.5],\
[50,119,0.2,157.75],\
[84,131,0.6,157.75],\
[162,116,0.2,310.5],\
[27,118,0.2,616.0],\
[188,87,0.6,157.75],\
[67,14,0.4,310.5],\
[107,141,0.4,5.0],\
[12,184,0.4,157.75],\
[177,84,1,157.75],\
[84,30,0.6,310.5],\
[141,99,1,157.75],\
[7,165,0.4,463.25],\
[1,148,0.4,157.75],\
[121,139,0.6,5.0],\
[89,182,0.2,616.0],\
[76,166,0.6,616.0],\
[193,73,1,157.75],\
[125,75,0.4,616.0],\
[174,65,0.2,616.0],\
[121,160,0.2,157.75],\
[43,167,0.2,463.25],\
[173,95,1,310.5],\
[168,25,0.2,157.75],\
[78,25,0.4,463.25],\
[44,155,0.6,616.0],\
[112,33,0.2,463.25],\
[13,81,0.2,616.0],\
[91,110,1,463.25],\
[90,146,0.6,310.5],\
[23,35,0.6,310.5],\
[188,143,0.6,5.0],\
[83,33,0.6,157.75],\
[78,148,0.2,616.0],\
[117,11,0.2,310.5],\
[34,154,0.2,5.0],\
[138,114,0.6,5.0],\
[3,51,0.4,310.5],\
[46,52,0.4,463.25],\
[57,105,0.4,463.25],\
[135,129,0.6,157.75],\
[121,179,0.2,5.0],\
[94,87,1,616.0],\
[15,88,0.2,463.25],\
[53,115,1,157.75],\
[160,164,1,5.0],\
[69,192,0.2,463.25],\
[182,193,0.2,5.0],\
[123,59,1,157.75],\
[128,186,0.6,616.0],\
[21,183,0.2,157.75],\
[177,30,0.2,310.5],\
[28,86,1,616.0],\
[189,14,0.2,616.0],\
[45,74,0.6,157.75],\
[41,186,0.6,616.0],\
[39,11,0.2,616.0],\
[66,129,0.2,463.25],\
[48,42,0.2,616.0],\
[147,96,0.2,157.75],\
[22,97,0.6,310.5],\
[38,14,0.2,310.5],\
[185,3,0.2,5.0],\
[122,53,0.2,463.25],\
[194,84,0.6,5.0],\
[37,80,0.4,310.5],\
[14,60,1,463.25],\
[47,111,0.6,5.0],\
[112,131,0.2,616.0],\
[29,121,0.6,310.5],\
[77,93,0.2,157.75],\
[191,114,0.4,5.0],\
[155,1,0.2,310.5],\
lp_ratio: 0.0


