


run_build('cogent')
[66,80,0.2,157.75],\
[156,66,1,616.0],\
[12,10,1,616.0],\
[170,181,1,157.75],\
[68,61,1,5.0],\
[14,195,0.6,616.0],\
[72,183,0.6,5.0],\
[153,64,1,463.25],\
[113,175,0.4,310.5],\
[110,11,0.2,310.5],\
[146,147,1,310.5],\
[76,149,0.2,463.25],\
[123,164,1,5.0],\
[112,169,1,310.5],\
[72,167,0.2,616.0],\
[154,108,0.2,310.5],\
[79,4,1,463.25],\
[150,71,1,157.75],\
[182,80,0.2,616.0],\
[187,151,0.2,463.25],\
[42,186,0.4,5.0],\
[19,122,0.4,5.0],\
[82,121,0.4,616.0],\
[95,51,0.4,463.25],\
[6,39,0.6,463.25],\
[138,9,0.4,5.0],\
[96,138,0.6,310.5],\
[143,44,0.6,463.25],\
[166,184,1,463.25],\
[4,192,0.6,616.0],\
[64,7,0.4,5.0],\
[130,131,0.2,157.75],\
[99,87,1,463.25],\
[18,167,0.2,463.25],\
[40,2,0.6,616.0],\
[125,24,1,463.25],\
[58,14,1,616.0],\
[96,137,1,157.75],\
[121,185,0.2,157.75],\
[78,0,1,310.5],\
[138,76,0.2,5.0],\
[155,60,0.6,5.0],\
[95,11,1,616.0],\
[91,26,1,310.5],\
[21,49,0.2,157.75],\
[111,86,0.2,310.5],\
[86,183,0.6,157.75],\
[179,39,1,463.25],\
[52,23,0.6,310.5],\
[185,181,0.4,616.0],\
[120,145,0.4,616.0],\
[145,180,0.6,5.0],\
[16,53,0.4,310.5],\
[5,183,0.2,463.25],\
[131,150,0.4,157.75],\
[42,4,0.2,616.0],\
[12,158,0.6,157.75],\
[12,11,0.2,463.25],\
[143,0,0.2,157.75],\
[189,42,0.2,616.0],\
[169,188,0.4,310.5],\
[17,114,0.2,463.25],\
[85,55,0.4,157.75],\
[118,74,0.4,5.0],\
[181,89,0.6,5.0],\
[45,177,0.6,310.5],\
[44,4,1,616.0],\
[0,80,0.2,157.75],\
[6,180,0.2,310.5],\
[182,154,0.2,5.0],\
[146,178,0.2,616.0],\
[130,84,0.6,157.75],\
[68,195,0.4,616.0],\
[112,182,1,463.25],\
[73,0,1,616.0],\
[66,93,1,157.75],\
[26,91,0.4,157.75],\
[68,77,0.4,616.0],\
[196,147,0.4,616.0],\
[132,113,0.6,310.5],\
[59,42,0.2,616.0],\
[43,75,0.6,463.25],\
[17,111,0.6,157.75],\
[129,48,0.2,310.5],\
[193,81,0.2,616.0],\
[72,68,0.6,157.75],\
[48,159,0.4,463.25],\
[129,44,0.2,5.0],\
[24,81,0.4,157.75],\
[135,168,1,157.75],\
[51,98,0.2,463.25],\
[112,26,0.2,157.75],\
[129,66,0.6,616.0],\
[103,104,0.2,463.25],\
[173,51,0.2,310.5],\
[143,117,0.2,463.25],\
[156,77,0.6,463.25],\
[27,23,0.6,463.25],\
[39,53,0.4,157.75],\
[111,99,0.2,5.0],\
[148,114,0.6,5.0],\
[25,34,0.2,310.5],\
[110,150,0.4,157.75],\
[158,170,0.2,616.0],\
[127,26,0.2,463.25],\
[37,27,0.4,310.5],\
[144,60,0.2,157.75],\
[83,170,0.6,5.0],\
[154,120,0.4,463.25],\
[85,192,0.2,5.0],\
[64,105,0.4,463.25],\
[105,149,0.2,157.75],\
[173,187,0.2,463.25],\
[18,86,0.2,157.75],\
[7,55,0.4,5.0],\
[18,102,0.4,463.25],\
[93,38,0.6,616.0],\
[142,148,0.2,463.25],\
[75,68,0.6,463.25],\
[38,147,0.4,616.0],\
[64,121,0.6,157.75],\
[116,30,0.2,616.0],\
[185,128,1,5.0],\
[74,30,0.2,463.25],\
[169,23,0.2,616.0],\
[16,102,1,310.5],\
[37,151,0.2,5.0],\
[40,180,0.2,5.0],\
[39,90,0.2,310.5],\
[73,178,0.4,5.0],\
[193,18,1,157.75],\
[168,40,1,5.0],\
[95,100,0.6,310.5],\
[17,176,0.6,463.25],\
[164,143,0.2,616.0],\
[46,111,1,616.0],\
[189,144,0.2,463.25],\
[116,21,0.4,616.0],\
[100,87,0.6,310.5],\
[167,163,0.2,310.5],\
[19,108,1,5.0],\
[123,110,0.2,310.5],\
[32,128,0.6,5.0],\
[113,81,1,310.5],\
[167,50,0.6,463.25],\
[139,157,0.2,616.0],\
[119,183,0.6,310.5],\
[37,176,0.6,463.25],\
[48,165,0.2,5.0],\
[89,143,0.4,5.0],\
[94,92,0.2,616.0],\
[127,10,0.2,463.25],\
[154,96,0.6,157.75],\
[45,99,0.2,5.0],\
[124,66,0.2,157.75],\
[68,128,0.2,463.25],\
[32,22,0.2,310.5],\
[84,90,0.6,616.0],\
[46,84,0.6,310.5],\
[16,191,0.4,310.5],\
[21,89,0.6,616.0],\
[27,172,1,463.25],\
[118,17,0.4,616.0],\
[154,1,0.4,5.0],\
[167,49,0.2,310.5],\
[66,186,0.2,310.5],\
[0,15,0.4,157.75],\
[145,29,0.6,463.25],\
[67,4,0.2,463.25],\
[15,171,0.4,463.25],\
[133,90,0.2,616.0],\
[167,59,0.2,463.25],\
[173,109,0.2,310.5],\
[53,4,0.4,463.25],\
[144,9,0.2,310.5],\
[177,21,0.4,463.25],\
[54,172,0.2,463.25],\
[110,37,0.4,157.75],\
[29,124,1,616.0],\
[118,35,0.4,616.0],\
[108,106,0.2,310.5],\
[131,50,0.2,463.25],\
[67,164,0.2,616.0],\
[194,132,0.2,310.5],\
[184,76,0.6,5.0],\
[97,43,0.2,616.0],\
[85,43,0.2,463.25],\
[86,125,0.2,616.0],\
[4,45,0.2,463.25],\
[16,174,0.6,5.0],\
[137,156,0.2,157.75],\
[143,38,0.2,616.0],\
[102,79,0.6,5.0],\
[134,83,0.2,616.0],\
[21,98,0.2,310.5],\
[159,38,0.2,5.0],\
[106,40,1,616.0],\
[175,28,0.2,463.25],\
[123,8,1,157.75],\
[75,76,0.2,616.0],\
[21,36,0.4,5.0],\
[101,75,1,616.0],\
[77,45,1,310.5],\
[151,173,0.2,5.0],\
[94,164,0.2,616.0],\
[57,22,0.2,616.0],\
[164,50,0.2,157.75],\
[84,182,0.2,616.0],\
[191,144,0.4,5.0],\
[179,54,0.2,157.75],\
[135,153,0.2,5.0],\
[139,119,0.2,616.0],\
[179,174,0.2,310.5],\
[121,153,1,310.5],\
[160,179,0.4,157.75],\
[110,113,0.4,5.0],\
[87,125,0.6,310.5],\
[4,129,0.4,157.75],\
[35,13,0.4,5.0],\
[9,40,0.4,463.25],\
[79,47,0.6,616.0],\
[75,45,1,616.0],\
[187,88,0.2,616.0],\
[165,9,0.2,463.25],\
[68,78,1,157.75],\
[78,174,1,5.0],\
[93,84,0.6,310.5],\
[84,137,0.2,5.0],\
[173,70,0.2,157.75],\
[16,63,0.2,310.5],\
[141,6,0.4,310.5],\
[24,185,0.6,157.75],\
[143,156,0.4,5.0],\
[111,30,0.4,616.0],\
[196,102,0.4,157.75],\
[101,188,0.2,310.5],\
[85,62,0.4,5.0],\
[40,75,0.4,310.5],\
[18,190,0.4,5.0],\
[150,97,0.2,157.75],\
[126,181,0.2,157.75],\
[95,96,0.4,616.0],\
[10,120,0.6,5.0],\
[149,112,0.2,616.0],\
[148,16,0.2,157.75],\
[175,53,0.2,157.75],\
[101,106,0.2,5.0],\
[184,14,0.2,463.25],\
[143,21,0.2,310.5],\
[135,100,0.4,310.5],\
[146,152,0.4,463.25],\
[167,159,0.2,157.75],\
[94,20,0.6,616.0],\
[10,0,0.2,157.75],\
[122,195,0.2,463.25],\
[174,103,1,310.5],\
[93,79,1,157.75],\
[39,1,0.4,616.0],\
[19,38,1,616.0],\
[116,165,0.2,310.5],\
[151,103,0.2,463.25],\
[44,124,0.2,463.25],\
[179,93,0.6,310.5],\
[163,41,0.6,616.0],\
[1,183,0.2,463.25],\
[136,33,1,157.75],\
[96,137,0.2,616.0],\
[17,165,1,463.25],\
[135,12,1,5.0],\
[171,169,0.6,310.5],\
[117,68,0.2,5.0],\
[104,177,0.2,310.5],\
[18,38,1,157.75],\
[26,193,0.4,5.0],\
[56,19,0.4,310.5],\
[135,14,0.2,5.0],\
[104,89,0.6,616.0],\
[132,129,0.2,157.75],\
[5,184,0.2,463.25],\
[182,2,1,310.5],\
[4,80,0.6,463.25],\
[146,22,1,463.25],\
[136,167,1,5.0],\
[71,182,0.4,310.5],\
[91,101,0.6,5.0],\
[141,163,1,310.5],\
[122,93,0.2,616.0],\
[146,68,0.4,616.0],\
[40,116,0.2,463.25],\
[18,26,0.2,463.25],\
[88,78,0.2,463.25],\
[141,87,0.2,310.5],\
lp_ratio: 0.0


