


run_build('switch')
[37,4,0.2,5.0],\
[22,21,0.2,5.0],\
[7,40,0.2,5.0],\
[28,39,0.2,5.0],\
[37,21,0.2,5.0],\
[36,13,0.4,36.75],\
[28,31,0.2,132.0],\
[24,12,0.6,36.75],\
[40,8,0.4,132.0],\
[38,5,0.6,5.0],\
[15,16,0.2,5.0],\
[38,33,1,100.25],\
[4,38,0.2,68.5],\
[38,23,1,36.75],\
[26,27,1,132.0],\
[39,6,0.6,36.75],\
[6,3,0.2,5.0],\
[32,22,0.4,36.75],\
[12,11,0.2,36.75],\
[7,25,0.2,5.0],\
[32,41,0.4,5.0],\
[14,30,0.2,68.5],\
[25,20,1,132.0],\
[8,34,0.4,68.5],\
[29,16,1,68.5],\
[10,19,1,36.75],\
[15,19,0.2,36.75],\
[13,11,0.6,5.0],\
[21,12,0.6,68.5],\
[33,9,0.4,132.0],\
[14,24,0.6,68.5],\
[27,24,0.6,5.0],\
[35,28,0.2,36.75],\
[37,28,0.2,100.25],\
[10,2,1,36.75],\
[12,15,0.6,36.75],\
[0,27,0.4,100.25],\
[20,23,0.6,100.25],\
[12,32,0.4,132.0],\
[2,32,0.6,132.0],\
[30,2,0.4,68.5],\
[9,38,0.2,100.25],\
[25,39,1,68.5],\
[4,37,0.2,68.5],\
[36,39,0.2,100.25],\
[34,38,0.2,5.0],\
[6,37,0.6,5.0],\
[37,12,0.4,68.5],\
[33,41,0.4,5.0],\
[34,41,0.2,5.0],\
lp_ratio: 0.38





run_build('redbest')
[3,26,0.2,5.0],\
[20,48,1,310.5],\
[69,51,0.6,463.25],\
[74,34,1,157.75],\
[22,74,0.2,5.0],\
[15,7,0.2,5.0],\
[38,29,0.2,310.5],\
[59,11,0.6,616.0],\
[82,3,0.4,157.75],\
[77,26,1,310.5],\
[25,5,0.2,157.75],\
[49,23,0.6,616.0],\
[34,23,1,157.75],\
[80,51,0.6,310.5],\
[24,44,1,616.0],\
[4,37,0.2,310.5],\
[52,43,0.4,157.75],\
[32,63,0.2,616.0],\
[65,41,0.2,463.25],\
[5,79,0.2,5.0],\
[66,28,0.2,5.0],\
[63,70,0.4,310.5],\
[1,82,0.4,616.0],\
[43,8,0.6,616.0],\
[43,10,0.6,5.0],\
[40,42,1,310.5],\
[75,83,0.2,5.0],\
[4,46,0.6,616.0],\
[78,39,1,616.0],\
[61,10,0.4,157.75],\
[43,14,0.4,616.0],\
[36,31,0.2,616.0],\
[17,18,0.2,310.5],\
[25,57,0.6,463.25],\
[80,43,0.6,463.25],\
[24,18,0.6,463.25],\
[9,48,0.4,616.0],\
[69,63,0.4,5.0],\
[25,31,0.6,463.25],\
[60,18,0.4,463.25],\
[79,58,0.6,463.25],\
[66,60,0.2,616.0],\
[21,76,0.4,310.5],\
[46,70,1,5.0],\
[20,50,0.2,463.25],\
[44,29,0.4,463.25],\
[58,59,0.4,616.0],\
[77,30,1,463.25],\
[23,60,0.4,616.0],\
[57,77,0.4,463.25],\
[15,81,0.2,463.25],\
[77,36,1,5.0],\
[19,36,0.4,5.0],\
[57,46,0.2,157.75],\
[70,27,0.6,616.0],\
[39,56,0.6,616.0],\
[34,70,0.2,310.5],\
[20,57,0.2,616.0],\
[10,77,1,5.0],\
[39,72,0.6,157.75],\
[65,9,1,310.5],\
[34,81,0.2,310.5],\
[43,31,0.2,310.5],\
[80,44,0.2,310.5],\
[31,74,0.2,157.75],\
[57,38,0.6,616.0],\
[31,23,1,310.5],\
[3,45,0.4,310.5],\
[49,27,0.4,157.75],\
[10,24,0.2,5.0],\
[82,11,0.4,5.0],\
[73,75,1,310.5],\
[1,36,0.6,157.75],\
[69,81,0.6,310.5],\
[33,23,0.2,616.0],\
[20,56,1,157.75],\
[25,6,1,463.25],\
[27,56,0.6,157.75],\
[44,15,0.2,157.75],\
[63,41,0.2,5.0],\
[39,74,0.2,310.5],\
[71,47,0.2,310.5],\
[51,65,0.2,463.25],\
[59,42,0.2,616.0],\
[39,42,0.2,616.0],\
[12,49,0.4,157.75],\
[24,12,0.2,616.0],\
[60,54,1,310.5],\
[83,18,0.4,463.25],\
[1,71,0.4,616.0],\
[53,47,0.2,463.25],\
[71,17,0.2,157.75],\
[75,67,0.2,463.25],\
[18,82,1,616.0],\
[5,74,0.4,463.25],\
[81,47,0.2,616.0],\
[67,23,0.2,616.0],\
[77,36,0.4,616.0],\
[28,67,0.2,616.0],\
[49,82,0.6,5.0],\
[31,10,0.2,463.25],\
[22,47,0.2,157.75],\
[38,46,0.4,5.0],\
[71,48,0.4,5.0],\
[10,22,1,157.75],\
[45,54,0.4,616.0],\
[75,38,0.2,5.0],\
[10,77,0.2,310.5],\
[48,8,1,157.75],\
[71,59,0.2,463.25],\
[15,77,1,157.75],\
[36,44,0.4,310.5],\
[70,47,0.6,310.5],\
[11,54,0.4,310.5],\
lp_ratio: 0.0


