


run_build('switch')
[34,15,0.4,36.75],\
[41,25,0.2,100.25],\
[21,24,0.6,100.25],\
[31,2,0.2,5.0],\
[14,33,0.2,100.25],\
[3,30,0.2,132.0],\
[33,39,0.6,5.0],\
[31,4,0.4,5.0],\
[38,36,0.4,68.5],\
[41,9,0.4,36.75],\
[0,27,0.2,132.0],\
[37,22,1,5.0],\
[24,17,0.6,5.0],\
[9,37,0.2,132.0],\
[30,0,0.6,132.0],\
[12,13,0.2,36.75],\
[8,40,0.2,68.5],\
[8,11,1,36.75],\
[38,8,0.2,100.25],\
[0,25,0.2,100.25],\
[14,31,0.2,132.0],\
[27,1,0.2,36.75],\
[38,26,0.2,132.0],\
[3,32,0.6,132.0],\
[2,40,1,100.25],\
[31,13,0.4,100.25],\
[12,26,0.2,68.5],\
[17,22,0.2,100.25],\
[25,36,0.6,68.5],\
[28,17,0.2,132.0],\
[32,2,0.2,68.5],\
[24,10,0.2,36.75],\
[20,0,1,100.25],\
[4,14,0.4,5.0],\
[12,22,1,5.0],\
[13,5,0.2,100.25],\
[21,35,0.6,132.0],\
[17,15,1,100.25],\
[33,5,0.6,132.0],\
[5,22,0.4,36.75],\
[3,39,0.4,36.75],\
[25,10,0.6,132.0],\
[6,21,0.4,100.25],\
[39,30,0.2,36.75],\
[18,28,0.2,68.5],\
[7,33,1,5.0],\
[17,5,1,132.0],\
[31,6,0.2,132.0],\
[15,2,0.2,5.0],\
[11,18,0.2,5.0],\
lp_ratio: 0.6





run_build('redbest')
[34,32,0.2,5.0],\
[59,48,1,5.0],\
[3,7,0.2,616.0],\
[43,70,0.2,463.25],\
[16,82,0.6,616.0],\
[27,37,0.4,616.0],\
[73,75,0.4,616.0],\
[24,4,0.2,310.5],\
[59,81,0.2,157.75],\
[4,49,0.2,463.25],\
[71,25,0.2,310.5],\
[60,31,0.4,157.75],\
[2,80,0.2,5.0],\
[35,6,0.2,616.0],\
[27,61,0.2,616.0],\
[32,80,0.4,5.0],\
[47,68,0.2,5.0],\
[37,17,0.6,157.75],\
[6,71,0.2,157.75],\
[21,61,1,616.0],\
[77,41,1,463.25],\
[50,56,0.2,616.0],\
[44,77,0.2,157.75],\
[80,53,0.2,616.0],\
[53,63,0.6,5.0],\
[68,20,0.2,157.75],\
[4,25,0.4,5.0],\
[81,60,0.2,616.0],\
[47,62,0.4,5.0],\
[52,67,0.4,5.0],\
[59,68,0.2,5.0],\
[4,55,0.6,157.75],\
[8,58,0.4,157.75],\
[36,45,0.2,310.5],\
[3,9,1,5.0],\
[27,66,0.6,463.25],\
[12,11,0.2,5.0],\
[82,16,0.4,310.5],\
[38,31,0.2,463.25],\
[8,81,0.2,157.75],\
[73,15,0.2,157.75],\
[25,45,1,616.0],\
[59,26,0.2,310.5],\
[21,8,0.6,616.0],\
[56,62,0.6,157.75],\
[10,77,0.2,616.0],\
[55,65,0.6,5.0],\
[14,34,0.2,157.75],\
[79,20,1,157.75],\
[60,72,1,310.5],\
[21,61,0.2,463.25],\
[56,58,1,310.5],\
[2,16,0.6,463.25],\
[50,60,0.2,310.5],\
[70,65,0.4,310.5],\
[41,35,0.2,463.25],\
[60,3,0.2,157.75],\
[82,11,1,310.5],\
[78,72,0.2,310.5],\
[13,69,0.4,157.75],\
[45,33,0.6,310.5],\
[78,10,0.2,5.0],\
[73,24,0.6,463.25],\
[52,39,0.2,5.0],\
[59,7,0.4,157.75],\
[63,41,0.2,5.0],\
[15,53,1,157.75],\
[42,11,1,463.25],\
[10,78,0.2,463.25],\
[6,8,0.4,157.75],\
[16,33,0.2,5.0],\
[1,44,0.4,616.0],\
[26,71,1,463.25],\
[21,70,0.4,310.5],\
[5,69,0.6,463.25],\
[17,82,0.2,463.25],\
[28,75,0.4,310.5],\
[45,51,0.4,157.75],\
[71,59,1,157.75],\
[57,4,1,5.0],\
[43,1,0.2,616.0],\
[3,37,0.4,616.0],\
[7,55,0.2,157.75],\
[27,23,0.4,616.0],\
[59,44,0.4,616.0],\
[43,35,0.6,5.0],\
[1,64,0.2,310.5],\
[20,13,1,157.75],\
[83,52,0.4,463.25],\
[69,46,0.6,463.25],\
[6,9,0.2,157.75],\
[46,64,0.4,5.0],\
[36,35,0.4,157.75],\
[28,15,0.2,157.75],\
[74,59,0.6,5.0],\
[1,9,0.2,310.5],\
[71,0,0.6,157.75],\
[59,27,0.2,616.0],\
[36,26,1,463.25],\
[47,73,1,5.0],\
[62,3,1,463.25],\
[20,76,1,616.0],\
[24,70,1,616.0],\
[39,15,0.6,5.0],\
[75,8,1,463.25],\
[12,3,0.2,157.75],\
[45,47,0.6,5.0],\
[59,82,1,157.75],\
[71,30,0.2,5.0],\
[68,28,0.2,463.25],\
[68,27,0.4,463.25],\
[11,80,0.2,5.0],\
[63,38,0.4,310.5],\
[73,32,1,463.25],\
lp_ratio: 0.0


