


run_build('switch')
[27,2,1,132.0],\
[40,31,1,36.75],\
[33,39,0.4,36.75],\
[1,36,0.2,100.25],\
[16,13,0.6,36.75],\
[41,12,0.4,68.5],\
[26,17,0.2,5.0],\
[40,30,1,132.0],\
[35,27,1,132.0],\
[20,8,0.2,132.0],\
[20,34,0.2,36.75],\
[25,3,0.6,68.5],\
[18,28,0.6,68.5],\
[12,41,0.4,100.25],\
[31,20,1,132.0],\
[24,5,0.2,36.75],\
[28,38,0.2,132.0],\
[24,13,0.6,36.75],\
[19,33,0.6,5.0],\
[16,7,0.4,132.0],\
[16,27,0.2,68.5],\
[23,19,0.2,5.0],\
[10,24,0.2,100.25],\
[31,4,0.4,5.0],\
[24,32,0.4,100.25],\
[4,37,0.6,5.0],\
[5,17,1,5.0],\
[16,21,0.2,100.25],\
[29,2,0.6,68.5],\
[19,31,0.2,100.25],\
[10,37,1,5.0],\
[14,22,0.4,100.25],\
[34,15,0.2,36.75],\
[21,11,1,5.0],\
[29,1,0.2,36.75],\
[12,41,0.2,5.0],\
[4,24,0.2,100.25],\
[39,11,0.6,100.25],\
[18,4,0.6,100.25],\
[26,10,0.2,100.25],\
[38,27,1,132.0],\
[8,18,0.2,5.0],\
[17,25,1,5.0],\
[31,33,1,36.75],\
[13,12,0.2,36.75],\
[17,37,0.2,68.5],\
[24,1,0.2,68.5],\
[23,15,1,68.5],\
[3,29,0.2,100.25],\
[27,8,0.4,68.5],\
lp_ratio: 0.58





run_build('redbest')
[38,48,0.2,616.0],\
[9,79,0.2,463.25],\
[19,81,0.6,616.0],\
[9,81,0.6,310.5],\
[12,66,1,157.75],\
[19,53,0.2,616.0],\
[60,66,0.2,616.0],\
[65,41,1,5.0],\
[38,53,1,157.75],\
[55,63,0.2,5.0],\
[13,14,0.2,157.75],\
[63,7,0.2,5.0],\
[58,15,1,463.25],\
[67,75,0.6,463.25],\
[50,78,0.2,310.5],\
[67,11,0.6,5.0],\
[41,11,0.2,5.0],\
[59,40,0.2,157.75],\
[6,25,0.2,616.0],\
[14,9,0.2,5.0],\
[68,66,0.4,310.5],\
[6,50,0.6,157.75],\
[36,11,0.2,616.0],\
[66,45,0.2,310.5],\
[39,70,0.6,616.0],\
[61,82,0.4,310.5],\
[33,68,1,157.75],\
[20,53,0.2,310.5],\
[67,83,0.2,616.0],\
[81,4,0.2,157.75],\
[53,30,0.6,5.0],\
[30,71,0.2,616.0],\
[79,19,1,310.5],\
[76,67,0.2,310.5],\
[76,45,0.2,310.5],\
[2,22,0.2,310.5],\
[11,10,0.2,310.5],\
[32,33,0.2,310.5],\
[12,75,0.4,157.75],\
[35,14,0.6,616.0],\
[44,63,0.4,616.0],\
[79,63,0.4,463.25],\
[22,5,0.2,616.0],\
[67,77,0.6,463.25],\
[30,4,0.2,157.75],\
[26,44,0.6,463.25],\
[5,63,0.2,5.0],\
[20,70,0.6,5.0],\
[7,25,0.6,157.75],\
[61,65,0.2,157.75],\
[15,76,0.6,310.5],\
[44,9,0.2,616.0],\
[9,4,1,157.75],\
[39,35,0.6,616.0],\
[67,26,0.4,463.25],\
[31,9,0.6,463.25],\
[11,64,0.6,310.5],\
[53,41,0.6,310.5],\
[56,21,1,616.0],\
[2,80,1,310.5],\
[72,20,0.2,5.0],\
[21,58,0.6,616.0],\
[50,49,0.4,463.25],\
[61,15,0.2,463.25],\
[73,27,0.4,463.25],\
[15,45,1,5.0],\
[55,74,0.4,616.0],\
[38,72,1,5.0],\
[70,60,0.2,157.75],\
[63,62,0.6,5.0],\
[47,30,0.2,157.75],\
[68,46,0.6,157.75],\
[73,77,1,616.0],\
[34,58,0.6,463.25],\
[58,65,0.4,5.0],\
[81,4,0.6,5.0],\
[81,30,0.2,463.25],\
[6,17,0.4,157.75],\
[8,12,1,157.75],\
[57,22,0.2,157.75],\
[6,26,0.2,616.0],\
[68,62,0.4,5.0],\
[27,32,0.6,616.0],\
[79,8,1,310.5],\
[39,3,0.2,157.75],\
[82,55,0.6,5.0],\
[79,10,0.4,616.0],\
[62,26,0.6,5.0],\
[16,45,0.6,616.0],\
[6,47,0.2,463.25],\
[20,69,0.2,157.75],\
[45,55,0.4,157.75],\
[10,38,0.4,157.75],\
[3,5,0.2,157.75],\
[70,12,0.6,5.0],\
[68,60,1,463.25],\
[60,12,1,463.25],\
[42,60,0.6,463.25],\
[19,39,0.4,157.75],\
[81,13,0.2,616.0],\
[6,10,1,463.25],\
[29,79,0.6,310.5],\
[24,25,1,157.75],\
[41,40,1,157.75],\
[81,75,0.6,616.0],\
[9,73,1,157.75],\
[8,63,0.6,157.75],\
[14,26,0.2,5.0],\
[4,63,0.2,463.25],\
[77,19,0.2,616.0],\
[6,77,0.6,157.75],\
[46,34,0.2,463.25],\
[9,51,0.2,5.0],\
[60,58,0.2,463.25],\
lp_ratio: 0.0


