


run_build('switch')
[15,40,0.2,68.5],\
[2,24,0.2,5.0],\
[27,32,0.6,132.0],\
[15,9,1,68.5],\
[34,19,0.4,68.5],\
[1,11,0.6,5.0],\
[27,14,1,132.0],\
[21,41,0.2,132.0],\
[11,23,0.2,100.25],\
[25,17,1,5.0],\
[41,37,0.2,36.75],\
[39,0,0.6,68.5],\
[5,3,0.2,132.0],\
[31,6,1,68.5],\
[16,15,0.6,68.5],\
[2,34,0.2,36.75],\
[0,36,0.4,100.25],\
[25,34,0.2,68.5],\
[17,2,0.4,132.0],\
[30,13,0.6,5.0],\
[14,27,0.4,132.0],\
[2,15,0.6,36.75],\
[21,15,0.6,5.0],\
[15,3,0.4,100.25],\
[20,1,0.6,36.75],\
[19,33,0.6,100.25],\
[1,11,0.4,36.75],\
[13,11,0.4,68.5],\
[16,0,1,132.0],\
[4,13,0.4,132.0],\
[9,26,0.2,5.0],\
[19,3,0.6,5.0],\
[33,29,1,68.5],\
[41,15,0.6,36.75],\
[25,32,1,68.5],\
[31,27,1,100.25],\
[18,1,0.4,100.25],\
[13,32,0.2,5.0],\
[40,13,1,68.5],\
[38,8,0.4,100.25],\
[5,18,0.6,36.75],\
[12,29,0.2,36.75],\
[0,41,0.2,68.5],\
[0,40,1,36.75],\
[18,8,0.6,68.5],\
[0,23,0.2,5.0],\
[15,37,0.2,132.0],\
[0,37,0.6,36.75],\
[40,23,0.6,68.5],\
[21,41,0.2,100.25],\
lp_ratio: 0.52





run_build('redbest')
[33,68,0.2,616.0],\
[12,7,0.6,616.0],\
[78,36,0.4,157.75],\
[52,9,0.2,157.75],\
[68,14,0.6,157.75],\
[33,46,0.6,157.75],\
[61,80,0.2,157.75],\
[49,82,0.4,157.75],\
[57,21,0.2,5.0],\
[44,64,1,5.0],\
[3,67,0.4,5.0],\
[53,4,0.6,616.0],\
[45,73,1,157.75],\
[41,5,1,616.0],\
[21,2,1,157.75],\
[22,37,0.6,5.0],\
[27,24,1,616.0],\
[16,18,0.4,310.5],\
[28,52,0.2,5.0],\
[46,52,0.2,5.0],\
[34,83,0.6,5.0],\
[83,44,0.2,5.0],\
[24,47,0.2,310.5],\
[27,32,0.2,616.0],\
[40,57,0.4,616.0],\
[73,79,0.6,310.5],\
[58,73,1,463.25],\
[15,51,1,616.0],\
[70,69,0.6,5.0],\
[34,50,1,310.5],\
[78,72,0.6,310.5],\
[64,3,0.4,310.5],\
[54,77,0.2,616.0],\
[63,65,0.6,463.25],\
[43,41,0.6,310.5],\
[55,4,1,157.75],\
[32,64,0.6,5.0],\
[12,23,0.6,463.25],\
[56,11,0.4,463.25],\
[17,11,0.2,310.5],\
[58,21,1,616.0],\
[14,29,1,463.25],\
[50,6,0.4,616.0],\
[8,79,0.6,616.0],\
[75,16,0.2,310.5],\
[59,80,0.2,616.0],\
[31,40,1,5.0],\
[27,62,0.6,5.0],\
[62,5,0.6,157.75],\
[43,77,0.6,463.25],\
[9,76,0.6,157.75],\
[21,23,0.4,616.0],\
[78,48,0.2,616.0],\
[10,21,0.4,5.0],\
[47,42,1,463.25],\
[11,46,0.2,616.0],\
[73,66,1,310.5],\
[56,64,0.2,157.75],\
[35,28,0.6,5.0],\
[44,46,0.6,157.75],\
[48,76,0.2,310.5],\
[16,79,0.2,616.0],\
[76,2,0.2,5.0],\
[63,22,0.2,463.25],\
[18,43,0.6,310.5],\
[1,40,0.2,616.0],\
[47,37,0.2,5.0],\
[33,8,0.4,616.0],\
[13,7,0.6,310.5],\
[43,74,0.6,616.0],\
[30,45,0.2,5.0],\
[18,10,0.2,310.5],\
[47,41,0.6,310.5],\
[63,15,1,463.25],\
[78,48,0.2,616.0],\
[49,36,0.2,463.25],\
[41,23,0.6,310.5],\
[82,76,0.4,5.0],\
[83,9,0.6,463.25],\
[43,48,1,5.0],\
[48,66,0.4,616.0],\
[54,56,0.2,310.5],\
[16,43,0.2,157.75],\
[80,6,0.4,616.0],\
[27,10,0.2,616.0],\
[35,72,0.2,157.75],\
[3,42,0.4,616.0],\
[29,22,1,310.5],\
[18,77,0.6,310.5],\
[54,38,1,5.0],\
[53,74,0.2,310.5],\
[1,66,0.6,616.0],\
[46,48,0.4,616.0],\
[3,18,0.2,463.25],\
[53,48,0.2,616.0],\
[7,60,0.2,5.0],\
[67,62,0.2,157.75],\
[0,35,0.2,5.0],\
[34,39,0.6,616.0],\
[37,8,0.6,157.75],\
[52,75,1,5.0],\
[30,6,0.2,463.25],\
[79,56,0.2,157.75],\
[75,76,0.6,616.0],\
[70,76,0.2,157.75],\
[8,31,0.4,5.0],\
[23,36,1,616.0],\
[76,4,0.4,463.25],\
[65,49,0.2,463.25],\
[45,77,0.6,463.25],\
[57,0,1,616.0],\
[77,40,0.6,5.0],\
[78,68,1,463.25],\
[52,61,0.4,5.0],\
lp_ratio: 0.0


