[0.0997169017791748, 0.5333333333333333, 2.895616054534912, 0.6, [200, 0, 0, 0, 0, 80, 60, 0.9, 1]],


Avg and Std over reps
[0.0997169017791748, 0.0, 0.5333333333333333, 2.895616054534912, 0.0, 0.6, [200, 0, 0, 0, 0, 80, 60, 0.9, 1]],
[0.14270782470703125, 0.5333333333333333, 3.0483880043029785, 0.6, [200, 0, 0, 0, 0, 80, 60, 0.9, 1]],


Avg and Std over reps
[0.14270782470703125, 0.0, 0.5333333333333333, 3.0483880043029785, 0.0, 0.6, [200, 0, 0, 0, 0, 80, 60, 0.9, 1]],
[0.10927009582519531, 0.5333333333333333, 3.3865621089935303, 0.6666666666666666, [200, 0, 0, 0, 0, 80, 60, 0.9, 1]],


Avg and Std over reps
[0.10927009582519531, 0.0, 0.5333333333333333, 3.3865621089935303, 0.0, 0.6666666666666666, [200, 0, 0, 0, 0, 80, 60, 0.9, 1]],
[0.10108399391174316, 0.5333333333333333, 2.7432808876037598, 0.5333333333333333, [200, 0, 0, 0, 0, 80, 60, 0.9, 1]],


Avg and Std over reps
[0.10108399391174316, 0.0, 0.5333333333333333, 2.7432808876037598, 0.0, 0.5333333333333333, [200, 0, 0, 0, 0, 80, 60, 0.9, 1]],
[0.10648107528686523, 0.5333333333333333, 3.0096800327301025, 0.6666666666666666, [200, 0, 0, 0, 0, 80, 60, 0.9, 1]],


Avg and Std over reps
[0.10648107528686523, 0.0, 0.5333333333333333, 3.0096800327301025, 0.0, 0.6666666666666666, [200, 0, 0, 0, 0, 80, 60, 0.9, 1]],




Sorted Records:,
[0.10108399391174316, 0.5333333333333333, 2.7432808876037598, 0.5333333333333333, [200, 0, 0, 0, 0, 80, 60, 0.9, 1]],
[0.0997169017791748, 0.5333333333333333, 2.895616054534912, 0.6, [200, 0, 0, 0, 0, 80, 60, 0.9, 1]],
[0.14270782470703125, 0.5333333333333333, 3.0483880043029785, 0.6, [200, 0, 0, 0, 0, 80, 60, 0.9, 1]],
[0.10927009582519531, 0.5333333333333333, 3.3865621089935303, 0.6666666666666666, [200, 0, 0, 0, 0, 80, 60, 0.9, 1]],
[0.10648107528686523, 0.5333333333333333, 3.0096800327301025, 0.6666666666666666, [200, 0, 0, 0, 0, 80, 60, 0.9, 1]],
